//
///////////////////////////////////////////ЭKCТPACOЛНEЧНAЯ LA 
//
// Midnight
//	Amb					Amb_Obj 				Dir 					Sky top				Sky bot				SunCore			SunCorona			SunSz		SprSz	SprBght		Shdw			LightShd			PoleShd			FarClp			FogSt			LightOnGround			LowCloudsRGB			BottomCloudRGB			WaterRGBA			Alpha1    RGB1			Alpha2    RGB2			CloudAlpha			IntensityLimit			WaterFogAlpha			DirMult 
	22 22 22 			220 212 130 			255 255 255 			0 23 24 			0 31 32 			255 128 0 			5 0 0 			0.9		0.9		0.3			200 100 0			400.0		100.0		0.9			30 20 0			3 3 3			85 85 65 240			254 87 87 87			254 60 121 122			0	90	0	0.00		
// 5 AM
	22 22 22 			194 194 142 			255 255 255 			0 20 20 			0 31 32 			255 128 0 			255 128 0 			-0.1		0.9		0.1			150 100 0			400.0		100.0		0.9			35 9 10			27 30 36			53 104 104 240			254 80 80 80			254 60 190 190			0	90	0	0.00		
// 6 AM
	22 22 22 			210 194 182 			255 255 255 			90 205 255 			200 144 85 			255 128 0 			255 128 0 			8.3		0.9		0.3			140 93 0			800.0		100.0		0.8			100 34 25			120 92 88			90 170 170 240			254 86 86 86			254 149 94 0			25	120	0	0.00		
// 7 AM
	5 0 0 			210 194 182 			255 255 255 			90 205 255 			90 200 255 			255 255 255 			255 255 255 			2.1		0.9		0.3			100 50 75			800.0		100.0		0.5			120 40 40			159 142 106			145 170 170 240			254 133 106 70			254 96 61 15			25	180	0	0.00		
// Midday
	11 0 0 			210 194 182 			255 255 255 			185 185 185 			182 182 182 			255 255 255 			255 255 255 			1.1		0.9		-0.1			236 0 190			800.0		10.0		-0.1			44 34 23			145 164 183			90 170 170 240			254 63 22 92			254 96 96 96			25	180	0	0.00		
// 7 PM
	8 5 5 			255 255 182 			255 255 255 			68 117 210 			36 117 194 			222 88 0 			122 55 0 			3.9		0.9		-0.1			110 40 75			800.0		10.0		0.8			120 40 40			200 123 96			50 97 97 240			254 124 124 107			254 86 50 10			25	180	0	0.00		
// 8 PM
	25 14 14 			210 194 182 			255 255 255 			181 150 84 			167 108 65 			255 128 0 			255 128 0 			1.9		0.9		0.3			100 60 0			800.0		10.0		0.9			120 40 40			72 107 159			67 67 67 240			254 81 85 40			254 66 27 0			25	140	0	0.00		
// 10 PM
	21 20 20 			210 194 182 			255 255 255 			137 100 84 			60 50 52 			255 128 0 			5 8 0 			0.9		0.9		0.3			160 100 0			600.0		10.0		0.9			70 27 10			15 11 34			67 67 62 240			254 209 143 84			254 76 51 0			25	90	0	0.00		
//
///////////////////////////////////////////COЛНEЧНAЯ LA 
//
// Midnight
//	Amb					Amb_Obj 				Dir 					Sky top				Sky bot				SunCore			SunCorona			SunSz		SprSz	SprBght		Shdw			LightShd			PoleShd			FarClp			FogSt			LightOnGround			LowCloudsRGB			BottomCloudRGB			WaterRGBA			Alpha1    RGB1			Alpha2    RGB2			CloudAlpha			IntensityLimit			WaterFogAlpha			DirMult 
	0 20 20 			210 194 182 			255 255 255 			5 12 15 			12 14 13 			255 128 0 			5 0 0 			0.9		0.3		0.3			200 100 0			800.0		100.0		0.9			0 0 0			3 3 3			85 85 65 240			254 110 126 210			254 0 81 104			55	220	0	0.00		
// 5 AM
	6 20 20 			210 194 182 			255 255 255 			0 0 7 			19 39 37 			255 128 0 			255 128 0 			-0.1		0.3		0.8			150 100 0			800.0		100.0		0.9			0 0 0			14 15 18			25 51 52 240			254 102 132 227			254 4 85 95			90	220	0	0.00		
// 6 AM
	22 17 8 			210 194 182 			255 255 255 			90 205 255 			200 144 85 			255 128 0 			255 128 0 			1.1		0.5		0.1			140 93 0			800.0		100.0		0.8			100 34 25			120 92 88			90 170 170 240			254 86 86 86			254 149 94 0			177	220	0	0.00		
// 7 AM
	12 4 0 			210 194 182 			255 255 255 			63 205 255 			62 200 255 			255 128 0 			255 128 0 			2.1		0.9		-0.1			211 0 149			800.0		100.0		0.5			120 40 40			159 142 106			145 170 170 240			254 58 110 115			254 123 70 14			177	220	0	0.00		
// Midday
	12 10 0 			210 194 182 			255 255 255 			136 136 136 			179 179 179 			189 175 0 			168 98 14 			1.6		0.9		-0.1			236 0 190			800.0		100.0		-0.1			44 34 23			129 128 123			90 170 170 240			254 80 34 118			254 70 70 70			88	220	0	0.00		
// 7 PM
	16 10 0 			210 194 182 			255 255 255 			74 156 208 			67 144 182 			198 128 0 			255 128 0 			7.5		0.9		-0.1			110 40 75			800.0		100.0		0.8			120 40 40			155 155 155			50 97 97 240			254 90 123 113			254 114 61 10			88	220	0	0.00		
// 8 PM
	12 10 4 			210 194 182 			255 255 255 			181 150 84 			167 118 65 			255 128 0 			255 128 0 			1.9		0.9		0.1			100 60 0			800.0		43.0		0.9			0 0 0			163 83 63			67 67 67 240			254 129 93 71			254 66 27 0			177	220	0	0.00		
// 10 PM
	22 20 10 			210 194 182 			255 255 255 			172 143 88 			167 118 65 			255 128 0 			5 8 0 			0.9		0.3		0.3			160 100 0			800.0		41.0		0.9			70 27 10			55 55 55			67 67 62 240			254 129 0 0			254 66 106 0			111	60	0	0.00		
//
///////////////////////////////////////////ЭKCТPACOЛНEЧНAЯ CМOГ LA 
//
// Midnight
//	Amb					Amb_Obj 				Dir 					Sky top				Sky bot				SunCore			SunCorona			SunSz		SprSz	SprBght		Shdw			LightShd			PoleShd			FarClp			FogSt			LightOnGround			LowCloudsRGB			BottomCloudRGB			WaterRGBA			Alpha1    RGB1			Alpha2    RGB2			CloudAlpha			IntensityLimit			WaterFogAlpha			DirMult 
	33 33 33 			249 244 235 			255 255 255 			19 14 19 			6 6 17 			255 128 0 			5 0 0 			0.9		0.3		0.8			200 102 0			800.0		100.0		0.9			30 20 0			3 3 3			85 85 65 240			254 50 61 114			254 14 46 55			25	80	0	0.00		
// 5 AM
	22 33 33 			210 194 182 			255 255 255 			16 16 22 			15 15 20 			255 128 0 			255 128 0 			-0.1		0.3		0.8			150 100 0			800.0		50.0		0.9			35 9 10			27 30 36			53 104 104 240			254 93 90 114			254 34 40 30			25	80	0	0.00		
// 6 AM
	20 16 16 			210 194 182 			255 255 255 			90 205 255 			200 144 85 			255 128 0 			255 128 0 			8.3		0.1		0.3			140 93 0			800.0		50.0		0.8			100 34 25			120 92 88			90 170 170 240			254 86 86 86			254 149 94 0			25	120	0	0.00		
// 7 AM
	11 7 1 			210 194 182 			255 255 255 			90 205 255 			114 148 166 			255 128 0 			255 128 0 			1.1		0.1		0.8			100 50 75			800.0		10.0		0.5			120 40 40			159 142 106			145 170 170 240			254 106 107 84			254 96 61 15			25	120	0	0.00		
// Midday
	14 7 2 			210 194 182 			255 255 255 			158 158 158 			167 167 167 			255 128 0 			255 128 0 			0.9		0.1		0.3			236 0 190			800.0		10.0		-0.1			44 34 23			145 164 183			90 170 170 240			254 146 146 146			254 0 0 0			25	50	0	0.00		
// 7 PM
	10 10 5 			210 194 182 			255 255 255 			93 127 157 			90 144 182 			198 128 0 			255 128 0 			7.5		0.3		0.9			110 40 103			800.0		10.0		0.8			120 40 40			200 123 96			50 97 97 240			254 124 93 67			254 86 50 10			25	150	0	0.00		
// 8 PM
	10 5 5 			210 194 182 			255 255 255 			181 150 84 			167 118 65 			255 128 0 			255 128 0 			1.9		0.3		0.9			100 60 0			800.0		10.0		0.9			120 40 40			72 107 159			67 67 67 240			254 121 102 80			254 44 24 0			25	150	0	0.00		
// 10 PM
	22 12 15 			255 222 222 			255 255 255 			209 150 84 			167 118 65 			255 128 0 			5 8 0 			0.9		0.3		0.3			160 100 0			800.0		10.0		0.9			70 27 10			15 11 34			67 67 62 240			254 124 124 124			254 44 24 0			25	80	0	0.00		
//
///////////////////////////////////////////COЛНEЧНAЯ и CМOГ LA 
//
// Midnight
//	Amb					Amb_Obj 				Dir 					Sky top				Sky bot				SunCore			SunCorona			SunSz		SprSz	SprBght		Shdw			LightShd			PoleShd			FarClp			FogSt			LightOnGround			LowCloudsRGB			BottomCloudRGB			WaterRGBA			Alpha1    RGB1			Alpha2    RGB2			CloudAlpha			IntensityLimit			WaterFogAlpha			DirMult 
	33 33 33 			210 188 166 			255 255 255 			22 5 12 			13 13 31 			255 128 0 			5 0 0 			0.9		0.3		0.6			200 100 0			800.0		155.0		0.9			30 20 0			3 3 3			85 85 65 240			254 57 87 87			254 21 27 88			122	90	0	0.00		
// 5 AM
	33 33 33 			210 194 182 			255 255 255 			15 15 16 			14 14 20 			255 128 0 			255 128 0 			-0.1		0.3		0.9			150 100 0			800.0		155.0		0.9			35 9 10			27 30 36			53 104 104 240			254 50 78 114			254 34 40 30			122	90	0	0.00		
// 6 AM
	33 33 33 			210 194 182 			255 255 255 			90 205 255 			200 144 85 			255 128 0 			255 128 0 			8.3		0.3		0.8			140 93 0			800.0		100.0		0.8			100 34 25			120 92 88			90 170 170 240			254 86 86 86			254 149 94 0			122	120	0	0.00		
// 7 AM
	20 11 5 			210 194 182 			255 255 255 			90 205 255 			222 204 200 			255 128 0 			255 128 0 			1.1		0.1		0.1			236 50 75			800.0		100.0		0.5			120 40 40			159 142 106			145 170 170 240			254 106 106 106			254 96 61 15			122	180	0	0.00		
// Midday
	15 7 0 			210 194 182 			255 255 255 			120 120 255 			181 181 181 			255 128 0 			255 128 0 			2.5		0.9		0.1			236 0 190			800.0		80.0		-0.1			44 34 23			145 164 183			90 170 170 240			254 108 108 108			254 24 13 81			122	180	0	0.00		
// 7 PM
	15 11 0 			210 194 182 			255 255 255 			109 142 157 			90 144 182 			255 55 0 			255 255 255 			4.3		0.3		0.3			222 40 75			800.0		10.0		0.8			120 40 40			200 123 96			50 97 97 240			254 124 124 107			254 86 50 10			122	180	0	0.00		
// 8 PM
	15 5 0 			210 194 182 			255 255 255 			181 150 84 			167 118 65 			255 128 0 			255 128 0 			1.9		0.3		0.7			100 60 0			800.0		10.0		0.9			120 40 40			72 107 159			67 67 67 240			254 121 93 71			254 44 24 0			122	120	0	0.00		
// 10 PM
	33 12 12 			210 194 182 			255 255 255 			181 150 84 			197 103 39 			255 128 0 			5 8 0 			0.9		0.3		0.6			160 100 0			800.0		10.0		0.9			70 27 10			15 11 34			67 67 62 240			254 117 124 83			254 66 27 0			122	90	0	0.00		
//
///////////////////////////////////////////ВEТPEННAЯ LA 
//
// Midnight
//	Amb					Amb_Obj 				Dir 					Sky top				Sky bot				SunCore			SunCorona			SunSz		SprSz	SprBght		Shdw			LightShd			PoleShd			FarClp			FogSt			LightOnGround			LowCloudsRGB			BottomCloudRGB			WaterRGBA			Alpha1    RGB1			Alpha2    RGB2			CloudAlpha			IntensityLimit			WaterFogAlpha			DirMult 
	10 30 30 			157 176 208 			255 255 255 			10 10 10 			10 23 33 			10 10 0 			10 0 0 			0.9		0.9		0.1			200 100 0			700.0		79.0		0.9			30 20 0			23 28 30			55 55 66 240			254 124 124 124			254 45 49 32			155	51	0	0.00		
// 5 AM
	10 24 27 			160 171 202 			255 255 255 			10 10 10 			10 22 33 			10 10 0 			10 0 0 			0.9		0.9		0.1			200 100 0			700.0		-22.0		0.9			70 27 10			23 28 30			55 55 66 240			254 80 85 91			254 98 120 120			155	100	0	0.00		
// 6 AM
	16 31 31 			163 187 192 			255 255 255 			22 22 22 			15 25 27 			0 0 0 			0 0 0 			3.4		0.8		0.1			200 100 0			700.0		90.0		0.8			100 34 25			23 28 30			77 77 88 240			254 63 80 80			254 122 122 90			155	180	0	0.00		
// 7 AM
	22 22 22 			190 176 169 			255 255 255 			125 145 151 			125 145 151 			0 0 0 			0 0 0 			-0.1		0.7		0.1			80 50 0			700.0		-22.0		0.5			120 40 40			92 116 125			77 77 88 240			254 124 124 124			254 45 28 12			155	180	0	0.00		
// Midday
	22 22 22 			190 176 169 			255 255 255 			100 100 100 			128 128 128 			10 10 0 			10 0 0 			2.8		0.5		0.1			80 0 120			700.0		-22.0		0.3			120 100 100			92 116 123			125 125 125 240			254 98 74 122			254 137 137 137			155	180	0	0.00		
// 7 PM
	22 22 22 			190 176 169 			255 255 255 			125 145 151 			125 145 151 			0 0 0 			0 0 0 			3.5		0.9		0.1			80 0 0			700.0		-22.0		0.8			120 100 100			92 116 123			123 128 134 240			254 44 44 44			254 122 122 122			155	180	0	0.00		
// 8 PM
	22 22 22 			190 176 169 			255 255 255 			34 56 62 			62 72 75 			0 0 0 			0 0 0 			-0.1		0.9		0.1			80 50 0			700.0		-22.0		0.9			120 100 100			46 58 61			122 126 134 240			254 90 90 90			254 90 122 122			155	180	0	0.00		
// 10 PM
	24 28 20 			222 200 200 			255 255 255 			15 15 20 			20 22 22 			10 10 0 			10 0 0 			0.9		0.9		0.3			200 100 0			700.0		111.0		0.9			70 27 10			23 28 30			10 70 60 240			254 64 64 100			254 69 70 87			155	20	0	0.00		
//
///////////////////////////////////////////COЛНEЧНAЯ SF 
//
// Midnight
//	Amb					Amb_Obj 				Dir 					Sky top				Sky bot				SunCore			SunCorona			SunSz		SprSz	SprBght		Shdw			LightShd			PoleShd			FarClp			FogSt			LightOnGround			LowCloudsRGB			BottomCloudRGB			WaterRGBA			Alpha1    RGB1			Alpha2    RGB2			CloudAlpha			IntensityLimit			WaterFogAlpha			DirMult 
	20 30 30 			133 133 133 			255 255 255 			0 8 12 			10 36 65 			255 128 0 			5 0 0 			0.9		0.5		0.3			200 100 0			450.0		100.0		0.9			30 20 0			3 3 3			19 40 52 240			254 66 66 66			254 88 56 28			50	120	0	0.00		
// 5 AM
	20 30 30 			143 143 143 			255 255 255 			15 22 32 			4 32 66 			255 128 0 			255 0 0 			-0.1		0.3		0.9			150 100 0			454.0		100.0		0.9			70 27 10			50 43 36			21 41 56 240			254 66 99 66			254 88 47 23			50	120	0	0.00		
// 6 AM
	30 30 30 			188 188 188 			255 255 255 			90 205 255 			200 144 85 			255 128 0 			255 128 0 			3.0		0.1		0.8			140 100 0			455.0		66.0		0.8			100 34 25			120 92 88			178 160 160 200			254 124 124 124			254 45 47 23			50	120	70	0.00		
// 7 AM
	24 26 30 			188 188 188 			255 255 255 			90 205 255 			187 146 116 			255 128 0 			255 0 0 			3.3		0.9		0.1			100 50 0			455.0		66.0		0.5			120 40 40			159 142 106			145 170 170 240			254 55 62 64			254 66 66 80			50	120	0	0.00		
// Midday
	30 30 30 			188 188 188 			255 255 255 			171 171 171 			149 149 149 			255 128 0 			255 128 0 			2.5		0.9		0.1			150 0 150			455.0		66.0		0.9			120 100 100			180 255 255			90 170 170 240			254 104 71 105			254 82 59 117			50	120	0	0.00		
// 7 PM
	30 30 30 			163 163 163 			255 255 255 			109 142 157 			111 155 155 			255 0 0 			255 0 0 			3.3		0.9		0.1			110 40 0			455.0		66.0		0.8			120 40 40			200 123 96			103 95 87 240			254 33 99 99			254 66 66 44			50	120	0	0.00		
// 8 PM
	30 30 30 			163 163 163 			255 255 255 			109 142 189 			165 155 130 			255 128 0 			155 0 0 			1.9		0.6		0.3			100 60 0			455.0		66.0		0.9			120 40 40			0 0 0			67 67 67 240			254 124 66 44			254 66 55 23			50	120	0	0.00		
// 10 PM
	13 13 30 			143 143 143 			255 255 255 			20 15 45 			13 44 65 			255 5 8 			5 8 0 			0.9		0.5		0.5			160 100 0			455.0		66.0		0.9			70 27 10			0 0 0			44 73 96 240			254 124 124 124			254 45 47 23			50	112	0	0.00		
//
///////////////////////////////////////////ЭKCТPACOЛНEЧНAЯ SF 
//
// Midnight
//	Amb					Amb_Obj 				Dir 					Sky top				Sky bot				SunCore			SunCorona			SunSz		SprSz	SprBght		Shdw			LightShd			PoleShd			FarClp			FogSt			LightOnGround			LowCloudsRGB			BottomCloudRGB			WaterRGBA			Alpha1    RGB1			Alpha2    RGB2			CloudAlpha			IntensityLimit			WaterFogAlpha			DirMult 
	20 30 30 			133 133 133 			255 255 255 			10 36 65 			10 36 65 			255 128 0 			5 0 0 			0.9		0.5		0.3			200 100 0			450.0		100.0		0.9			30 20 0			3 3 3			19 40 52 240			254 66 66 66			254 88 56 28			0	120	0	0.00		
// 5 AM
	20 30 30 			143 143 143 			255 255 255 			4 32 66 			4 32 66 			255 128 0 			255 0 0 			-0.1		0.3		0.9			150 100 0			454.0		100.0		0.9			70 27 10			50 43 36			21 41 56 240			254 66 99 66			254 88 47 23			0	120	0	0.00		
// 6 AM
	16 20 27 			188 188 188 			255 255 255 			155 155 155 			198 124 85 			255 128 0 			255 128 0 			2.6		0.1		0.1			140 100 0			455.0		66.0		0.8			100 34 25			120 92 88			178 160 160 200			254 86 86 86			254 166 94 0			0	120	0	0.00		
// 7 AM
	12 0 0 			188 188 188 			255 255 255 			155 155 155 			198 124 85 			255 128 0 			255 0 0 			1.6		0.9		0.1			100 50 0			455.0		66.0		0.5			120 40 40			159 142 106			145 170 170 240			254 86 86 86			254 166 94 0			0	120	0	0.00		
// Midday
	30 30 30 			188 188 188 			255 255 255 			132 132 132 			155 155 155 			255 128 0 			255 128 0 			2.5		0.9		0.1			150 0 150			455.0		66.0		0.9			120 100 100			180 255 255			90 170 170 240			254 121 19 0			255 69 64 121			0	120	0	0.00		
// 7 PM
	30 30 30 			163 163 163 			255 255 255 			109 142 157 			111 155 155 			255 0 0 			255 0 0 			3.3		0.9		0.1			110 40 0			455.0		66.0		0.8			120 40 40			200 123 96			103 95 87 240			254 33 99 99			254 66 66 44			0	120	0	0.00		
// 8 PM
	30 30 30 			163 163 163 			255 255 255 			109 142 189 			165 155 130 			255 128 0 			155 0 0 			1.9		0.6		0.3			100 60 0			455.0		66.0		0.9			120 40 40			0 0 0			67 67 67 240			254 124 66 44			254 66 55 23			0	120	0	0.00		
// 10 PM
	13 13 30 			141 141 141 			255 255 255 			5 25 45 			13 44 65 			255 5 8 			5 8 0 			0.9		0.5		0.5			160 100 0			455.0		66.0		0.9			70 27 10			0 0 0			44 73 96 240			254 124 124 124			254 45 47 23			0	112	0	0.00		
//
///////////////////////////////////////////OБЛAЧНAЯ SF 
//
// Midnight
//	Amb					Amb_Obj 				Dir 					Sky top				Sky bot				SunCore			SunCorona			SunSz		SprSz	SprBght		Shdw			LightShd			PoleShd			FarClp			FogSt			LightOnGround			LowCloudsRGB			BottomCloudRGB			WaterRGBA			Alpha1    RGB1			Alpha2    RGB2			CloudAlpha			IntensityLimit			WaterFogAlpha			DirMult 
	30 30 30 			108 108 101 			255 255 255 			11 11 11 			11 11 11 			10 10 0 			10 0 0 			0.9		0.9		0.9			200 100 0			1150.0		-22.0		0.9			30 20 0			23 28 30			55 55 66 240			254 64 64 12			254 88 66 66			155	0	0	0.00		
// 5 AM
	30 22 30 			108 108 101 			255 255 255 			14 14 14 			14 14 14 			10 10 0 			10 0 0 			-0.1		0.9		0.9			200 100 0			1150.0		-22.0		0.9			70 27 10			23 28 30			55 55 66 240			254 77 67 52			254 85 72 66			155	0	0	0.00		
// 6 AM
	30 30 30 			153 153 153 			255 255 255 			41 46 47 			31 36 37 			10 10 0 			10 0 0 			3.4		0.8		0.8			200 100 0			1150.0		-22.0		0.8			100 34 25			23 28 30			77 77 88 240			254 64 64 64			254 77 77 77			155	0	100	0.00		
// 7 AM
	5 5 12 			153 153 153 			255 255 255 			62 72 75 			62 72 75 			10 10 0 			10 0 0 			-0.1		0.7		0.8			200 50 0			1150.0		-22.0		0.5			120 40 40			46 58 61			77 77 88 240			254 124 124 124			254 48 48 48			155	0	0	0.00		
// Midday
	5 5 12 			211 211 211 			255 255 255 			155 155 155 			160 160 160 			10 10 0 			10 0 0 			2.8		0.5		0.7			80 0 120			1150.0		-22.0		0.3			120 100 100			92 116 123			125 125 125 240			254 124 124 124			254 48 48 48			155	0	0	0.00		
// 7 PM
	5 30 30 			123 123 123 			255 255 255 			62 72 75 			62 72 75 			10 10 0 			10 0 0 			3.5		0.9		0.9			80 0 0			1150.0		-22.0		0.8			120 100 100			46 58 61			123 128 134 240			254 124 124 124			254 48 48 48			155	0	0	0.00		
// 8 PM
	30 30 30 			108 108 108 			255 255 255 			62 72 75 			62 72 75 			10 10 0 			10 0 0 			1.9		0.9		0.9			80 50 0			1150.0		-22.0		0.9			120 100 100			46 58 61			122 126 134 240			254 64 64 55			254 48 48 48			155	0	0	0.00		
// 10 PM
	30 30 30 			108 108 108 			255 255 255 			41 46 47 			31 36 37 			10 10 0 			10 0 0 			0.9		0.9		0.9			200 100 0			1150.0		-22.0		0.9			70 27 10			23 28 30			77 77 88 240			254 64 64 12			254 48 48 48			155	0	0	0.00		
//
///////////////////////////////////////////ДOЖДЛИВAЯ SF 
//
// Midnight
//	Amb					Amb_Obj 				Dir 					Sky top				Sky bot				SunCore			SunCorona			SunSz		SprSz	SprBght		Shdw			LightShd			PoleShd			FarClp			FogSt			LightOnGround			LowCloudsRGB			BottomCloudRGB			WaterRGBA			Alpha1    RGB1			Alpha2    RGB2			CloudAlpha			IntensityLimit			WaterFogAlpha			DirMult 
	20 30 30 			135 173 197 			255 255 255 			10 10 10 			20 20 20 			0 0 0 			0 0 0 			0.9		0.9		0.5			200 100 0			650.0		5.0		0.9			30 20 0			0 0 0			59 68 77 240			254 124 124 124			254 16 48 10			155	0	0	0.00		
// 5 AM
	20 30 30 			135 173 197 			255 255 255 			10 10 10 			20 20 20 			0 0 0 			0 0 0 			-0.1		0.9		0.6			200 100 0			650.0		5.0		0.9			70 27 10			0 0 0			59 68 77 240			254 124 124 124			254 0 48 20			155	0	0	0.00		
// 6 AM
	20 30 30 			135 173 197 			255 255 255 			10 10 10 			20 20 20 			0 0 0 			0 0 0 			3.4		0.8		0.3			200 100 0			650.0		5.0		0.8			100 34 25			0 0 0			62 72 77 240			254 124 124 124			254 0 48 20			155	0	100	0.00		
// 7 AM
	20 30 30 			135 173 197 			255 255 255 			40 40 40 			50 50 50 			0 0 0 			0 0 0 			2.5		0.7		0.3			80 80 0			650.0		5.0		0.8			120 40 40			0 0 0			107 117 122 240			254 124 124 124			254 0 48 20			155	0	0	0.00		
// Midday
	20 30 30 			186 186 186 			255 255 255 			80 80 80 			70 70 70 			0 0 0 			0 0 0 			0.9		0.5		0.1			80 50 120			650.0		5.0		0.7			120 100 100			0 0 0			141 141 140 240			254 124 124 124			254 30 38 30			155	0	0	0.00		
// 7 PM
	20 30 30 			135 173 193 			255 255 255 			80 80 80 			70 70 70 			0 0 0 			0 0 0 			3.5		0.9		0.5			80 50 0			650.0		5.0		0.8			120 40 40			0 0 0			116 135 144 240			254 124 124 124			254 10 46 22			155	0	0	0.00		
// 8 PM
	20 30 30 			167 198 223 			255 255 255 			40 40 40 			70 70 70 			0 0 0 			0 0 0 			1.9		0.9		0.9			80 80 0			650.0		5.0		0.9			120 40 40			0 0 0			132 176 189 240			254 124 124 124			254 0 48 20			155	0	0	0.00		
// 10 PM
	20 30 30 			167 198 223 			255 255 255 			40 40 40 			50 50 50 			0 0 0 			0 0 0 			0.9		0.9		0.9			200 100 0			650.0		5.0		0.9			70 27 10			0 0 0			161 176 189 240			254 124 124 124			254 0 48 20			155	0	0	0.00		
//
///////////////////////////////////////////ТYМAННAЯ SF 
//
// Midnight
//	Amb					Amb_Obj 				Dir 					Sky top				Sky bot				SunCore			SunCorona			SunSz		SprSz	SprBght		Shdw			LightShd			PoleShd			FarClp			FogSt			LightOnGround			LowCloudsRGB			BottomCloudRGB			WaterRGBA			Alpha1    RGB1			Alpha2    RGB2			CloudAlpha			IntensityLimit			WaterFogAlpha			DirMult 
	33 33 33 			141 141 141 			255 255 255 			0 40 40 			0 40 40 			10 10 0 			10 0 0 			0.9		0.9		0.7			60 50 0			150.0		-200.0		0.9			30 20 0			0 0 0			120 120 125 240			254 124 124 124			254 30 30 32			0	120	0	0.00		
// 5 AM
	33 33 33 			210 141 141 			255 255 255 			0 45 45 			0 45 45 			10 10 0 			10 0 0 			-0.1		0.9		0.7			60 50 0			150.0		-200.0		0.9			70 27 10			0 0 0			120 120 125 240			254 124 124 124			254 30 30 32			0	120	0	0.00		
// 6 AM
	33 33 33 			141 141 141 			255 255 255 			0 45 45 			0 45 45 			0 10 0 			10 0 0 			3.4		0.8		0.7			60 50 0			150.0		-200.0		0.8			100 34 25			0 0 0			128 128 125 240			254 124 124 124			254 30 30 32			0	120	100	0.00		
// 7 AM
	33 33 33 			141 141 141 			255 255 255 			40 50 50 			40 50 50 			10 10 0 			10 0 0 			2.5		0.7		0.7			60 50 0			150.0		-200.0		0.6			120 40 40			0 0 0			128 128 125 240			254 124 124 124			254 30 30 32			0	120	0	0.00		
// Midday
	13 13 13 			141 141 141 			255 255 255 			146 155 155 			127 144 144 			10 10 0 			10 0 0 			0.9		0.5		0.3			60 50 60			250.0		-30.0		0.3			120 100 100			0 0 0			128 128 128 240			254 124 124 124			254 30 30 32			0	120	0	0.00		
// 7 PM
	13 13 13 			141 141 141 			255 255 255 			100 100 105 			100 100 105 			10 10 0 			10 0 0 			3.5		0.9		0.3			60 50 0			150.0		-70.0		0.8			120 40 40			0 0 0			123 123 124 240			254 124 124 124			254 30 30 32			0	111	0	0.00		
// 8 PM
	13 13 13 			141 141 141 			255 255 255 			41 60 60 			35 53 50 			10 10 0 			10 0 0 			1.9		0.9		0.9			60 50 0			150.0		-80.0		0.9			120 40 40			0 0 0			122 121 124 240			254 124 124 124			254 30 30 32			0	120	0	0.00		
// 10 PM
	33 33 33 			141 141 141 			255 255 255 			0 40 40 			0 40 40 			10 10 0 			10 0 0 			0.9		0.9		0.7			60 50 0			150.0		-100.0		0.9			70 27 10			0 0 0			123 124 120 240			254 124 124 124			254 30 30 32			0	120	0	0.00		
//
///////////////////////////////////////////COЛНEЧНAЯ VEGAS 
//
// Midnight
//	Amb					Amb_Obj 				Dir 					Sky top				Sky bot				SunCore			SunCorona			SunSz		SprSz	SprBght		Shdw			LightShd			PoleShd			FarClp			FogSt			LightOnGround			LowCloudsRGB			BottomCloudRGB			WaterRGBA			Alpha1    RGB1			Alpha2    RGB2			CloudAlpha			IntensityLimit			WaterFogAlpha			DirMult 
	25 22 22 			144 137 137 			255 255 255 			16 7 23 			24 0 37 			255 255 0 			5 0 0 			0.9		0.3		0.8			200 100 0			1000.0		100.0		0.9			30 20 0			3 3 3			38 38 55 240			254 64 64 64			254 88 27 0			122	0	0	0.00		
// 5 AM
	24 16 25 			138 138 138 			255 255 255 			20 4 19 			31 11 27 			255 128 0 			255 0 0 			-0.1		0.3		0.8			150 100 0			1000.0		100.0		0.9			70 27 10			50 43 36			53 62 68 240			254 64 64 152			254 79 27 0			122	0	0	0.00		
// 6 AM
	0 5 10 			188 188 188 			255 255 255 			90 205 255 			200 144 85 			255 128 0 			255 128 0 			8.3		0.3		0.1			140 100 0			1000.0		100.0		0.8			100 34 25			120 92 88			185 160 160 240			254 64 64 64			254 77 66 0			122	0	0	0.00		
// 7 AM
	13 13 1 			188 188 188 			255 255 255 			90 205 255 			90 200 255 			255 128 0 			255 0 0 			3.3		0.1		0.1			100 50 0			1000.0		100.0		0.5			120 40 40			159 142 106			145 170 170 240			254 64 64 64			254 64 64 22			122	0	0	0.00		
// Midday
	13 13 1 			188 188 188 			255 255 255 			90 180 255 			90 200 255 			255 128 0 			255 128 0 			2.5		0.1		0.3			150 0 150			1000.0		10.0		0.9			120 100 100			180 255 255			90 170 170 240			254 64 64 64			254 128 111 44			122	88	0	0.00		
// 7 PM
	1 1 1 			163 159 163 			255 255 255 			109 142 157 			90 200 255 			255 255 255 			255 255 255 			3.5		0.1		0.9			110 40 0			1000.0		10.0		0.8			120 40 40			200 123 96			153 95 87 240			254 64 64 64			254 122 27 0			122	0	0	0.00		
// 8 PM
	1 1 0 			137 137 137 			255 255 255 			181 150 84 			136 110 74 			255 128 0 			155 0 0 			1.9		0.1		0.9			100 60 0			1000.0		10.0		0.9			120 40 40			0 0 0			67 67 67 240			254 127 93 71			254 83 11 0			122	0	0	0.00		
// 10 PM
	12 6 12 			138 138 138 			255 255 255 			31 15 44 			39 24 64 			255 5 8 			5 8 0 			0.9		0.3		0.6			160 100 0			1000.0		10.0		0.9			70 27 10			0 0 0			67 67 62 240			254 124 124 124			254 34 27 0			122	0	0	0.00		
//
///////////////////////////////////////////ЭKCТPACOЛНEЧНAЯ VEGAS 
//
// Midnight
//	Amb					Amb_Obj 				Dir 					Sky top				Sky bot				SunCore			SunCorona			SunSz		SprSz	SprBght		Shdw			LightShd			PoleShd			FarClp			FogSt			LightOnGround			LowCloudsRGB			BottomCloudRGB			WaterRGBA			Alpha1    RGB1			Alpha2    RGB2			CloudAlpha			IntensityLimit			WaterFogAlpha			DirMult 
	22 22 22 			163 163 163 			255 255 255 			9 6 9 			18 15 44 			255 255 0 			5 0 0 			0.9		0.3		0.7			200 100 0			1000.0		200.0		0.9			30 20 0			3 3 3			38 38 55 240			254 77 77 77			254 88 66 41			0	30	0	0.00		
// 5 AM
	12 12 12 			163 163 163 			255 255 255 			0 5 10 			16 1 30 			255 128 0 			255 0 0 			-0.1		0.3		0.5			150 100 0			1000.0		200.0		0.9			70 27 10			50 43 36			53 62 68 240			254 124 106 116			254 52 27 0			0	90	0	0.00		
// 6 AM
	12 12 12 			188 188 188 			255 255 255 			141 99 81 			200 144 85 			255 128 0 			255 128 0 			8.3		0.9		0.1			140 100 0			1000.0		0.0		0.8			100 34 25			120 92 88			185 160 160 240			254 66 66 66			254 90 70 20			0	90	0	0.00		
// 7 AM
	13 4 0 			188 188 188 			255 255 255 			90 205 255 			200 144 90 			255 128 0 			255 0 0 			3.6		0.9		-0.1			100 50 0			1000.0		0.0		0.5			120 40 40			159 142 106			145 170 170 240			254 124 60 60			254 89 91 44			0	90	0	0.00		
// Midday
	13 13 0 			188 188 188 			255 255 255 			90 180 255 			90 200 255 			255 128 0 			255 128 0 			2.5		0.9		-0.1			150 0 150			1000.0		10.0		0.9			120 100 100			180 255 255			90 170 170 240			254 64 64 64			254 90 80 33			0	90	0	0.00		
// 7 PM
	13 13 0 			163 163 163 			255 255 255 			90 180 255 			90 200 255 			255 47 0 			255 0 0 			2.5		0.3		0.3			110 40 0			1000.0		10.0		0.8			120 40 40			200 123 96			143 121 87 240			254 64 64 64			254 114 57 27			0	90	0	0.00		
// 8 PM
	13 13 0 			163 163 163 			255 255 255 			109 142 189 			165 155 130 			255 128 0 			155 0 0 			1.9		0.5		0.6			100 60 0			1000.0		10.0		0.9			120 40 40			0 0 0			67 67 67 240			254 55 55 55			254 120 50 0			0	90	0	0.00		
// 10 PM
	22 22 23 			163 163 163 			255 255 255 			0 0 0 			18 15 44 			255 5 8 			5 8 0 			0.9		0.5		0.7			160 100 0			1000.0		200.0		0.9			70 27 10			0 0 0			71 46 53 240			254 77 77 77			254 122 55 33			0	30	0	0.00		
//
///////////////////////////////////////////OБЛAЧНAЯ VEGAS 
//
// Midnight
//	Amb					Amb_Obj 				Dir 					Sky top				Sky bot				SunCore			SunCorona			SunSz		SprSz	SprBght		Shdw			LightShd			PoleShd			FarClp			FogSt			LightOnGround			LowCloudsRGB			BottomCloudRGB			WaterRGBA			Alpha1    RGB1			Alpha2    RGB2			CloudAlpha			IntensityLimit			WaterFogAlpha			DirMult 
	2 20 33 			163 163 163 			255 255 255 			22 33 44 			11 23 44 			0 0 0 			0 0 0 			-0.1		0.9		0.9			200 100 0			1000.0		100.0		0.9			30 20 0			3 3 3			38 38 55 240			254 66 124 124			254 34 27 0			44	0	0	0.00		
// 5 AM
	11 22 33 			163 163 163 			255 255 255 			22 33 44 			22 33 44 			0 0 0 			0 0 0 			-0.1		0.9		0.9			150 100 0			1000.0		100.0		0.9			70 27 10			50 43 36			53 62 68 240			254 66 124 124			254 34 27 0			44	0	0	0.00		
// 6 AM
	22 22 33 			188 188 187 			255 255 255 			84 83 88 			77 77 77 			0 0 0 			0 0 0 			-0.1		0.9		0.8			140 100 0			1000.0		100.0		0.8			100 34 25			120 92 88			185 160 160 240			254 64 124 124			254 34 27 0			122	0	0	0.00		
// 7 AM
	22 22 22 			188 188 188 			255 255 255 			211 211 255 			155 155 155 			0 0 0 			0 0 0 			-0.1		0.9		0.8			100 50 0			1000.0		100.0		0.5			120 40 40			159 142 106			145 170 170 240			254 64 64 64			254 66 55 21			122	0	0	0.00		
// Midday
	22 22 22 			188 188 188 			255 255 255 			144 144 144 			122 122 122 			0 0 0 			0 0 0 			-0.1		0.9		0.3			150 0 150			1000.0		10.0		0.9			120 100 100			88 88 88			90 170 170 240			254 124 124 124			254 66 55 21			122	0	0	0.00		
// 7 PM
	22 22 22 			188 163 163 			255 255 255 			144 144 144 			155 155 155 			0 0 0 			0 0 0 			-0.1		0.9		0.9			110 40 0			1000.0		10.0		0.8			120 40 40			88 88 88			153 95 87 240			254 64 64 64			254 66 66 50			122	0	0	0.00		
// 8 PM
	2 2 13 			163 163 163 			255 255 255 			88 88 88 			88 88 88 			0 0 0 			0 0 0 			-0.1		0.9		0.9			100 60 0			1000.0		10.0		0.9			120 52 79			88 88 88			67 67 67 240			254 124 124 124			254 34 27 0			122	0	0	0.00		
// 10 PM
	2 20 33 			163 163 163 			255 255 255 			22 33 44 			11 23 44 			0 0 8 			0 0 0 			-0.1		0.9		0.9			160 100 0			1000.0		10.0		0.9			70 27 10			0 0 0			67 67 62 240			254 124 124 124			254 34 27 0			44	0	0	0.00		
//
///////////////////////////////////////////ЭKCТPACOЛНEЧНAЯ ЗAГOPOДНAЯ 
//
// Midnight
//	Amb					Amb_Obj 				Dir 					Sky top				Sky bot				SunCore			SunCorona			SunSz		SprSz	SprBght		Shdw			LightShd			PoleShd			FarClp			FogSt			LightOnGround			LowCloudsRGB			BottomCloudRGB			WaterRGBA			Alpha1    RGB1			Alpha2    RGB2			CloudAlpha			IntensityLimit			WaterFogAlpha			DirMult 
	33 33 12 			163 163 163 			255 255 255 			0 30 30 			10 22 35 			255 255 0 			5 0 0 			0.9		0.5		0.9			200 100 0			1500.0		100.0		0.9			30 20 0			3 3 3			53 62 68 240			254 89 97 80			254 17 86 109			44	120	0	0.00		
// 5 AM
	22 25 25 			163 163 163 			255 255 255 			0 30 30 			10 22 35 			255 128 0 			255 0 0 			-0.1		0.3		0.9			150 100 0			1500.0		100.0		0.9			23 30 20			50 43 36			53 62 68 240			254 103 107 80			254 10 90 100			88	120	0	0.00		
// 6 AM
	23 23 23 			188 188 188 			255 255 255 			90 145 227 			200 144 85 			255 128 0 			255 255 255 			8.3		0.3		0.8			140 100 0			1500.0		100.0		0.8			100 34 25			120 92 88			185 160 160 240			254 124 124 69			254 91 9 0			75	120	0	0.00		
// 7 AM
	22 24 22 			188 188 188 			255 255 255 			90 205 255 			187 146 116 			255 128 0 			255 255 255 			3.3		0.3		0.3			100 50 0			1500.0		5.0		0.5			120 40 40			159 142 106			145 170 170 240			254 62 64 44			254 80 36 22			81	120	0	0.00		
// Midday
	22 5 5 			203 188 188 			255 255 255 			90 180 255 			57 165 255 			255 128 0 			255 128 0 			2.5		0.9		0.1			150 0 150			1500.0		65.0		0.9			120 100 100			180 255 255			90 170 170 240			254 60 60 46			254 86 84 52			105	120	0	0.00		
// 7 PM
	22 22 22 			163 163 163 			255 255 255 			109 142 157 			165 155 130 			255 25 0 			255 255 255 			7.5		0.5		0.6			110 40 0			1500.0		5.0		0.8			120 40 40			200 123 96			148 134 97 240			254 66 66 46			254 80 72 32			99	120	0	0.00		
// 8 PM
	5 5 0 			163 163 163 			255 255 255 			109 142 189 			165 155 130 			255 128 0 			155 0 0 			1.9		0.3		0.3			100 60 0			1500.0		10.0		0.9			120 40 40			0 0 0			67 67 67 240			254 118 89 48			254 69 28 6			62	120	0	0.00		
// 10 PM
	22 22 12 			163 163 163 			255 255 255 			20 15 45 			66 66 64 			255 5 8 			5 8 0 			0.9		0.3		0.6			160 100 0			1500.0		10.0		0.9			70 27 10			0 0 0			67 67 62 240			254 62 62 124			254 132 80 40			44	120	0	0.00		
//
///////////////////////////////////////////COЛНEЧНAЯ ЗAГOPOДНAЯ 
//
// Midnight
//	Amb					Amb_Obj 				Dir 					Sky top				Sky bot				SunCore			SunCorona			SunSz		SprSz	SprBght		Shdw			LightShd			PoleShd			FarClp			FogSt			LightOnGround			LowCloudsRGB			BottomCloudRGB			WaterRGBA			Alpha1    RGB1			Alpha2    RGB2			CloudAlpha			IntensityLimit			WaterFogAlpha			DirMult 
	33 33 33 			163 163 163 			255 255 255 			10 22 35 			10 22 35 			255 255 0 			5 0 0 			0.9		0.5		0.9			200 100 0			1500.0		100.0		0.9			30 20 0			3 3 3			53 62 68 240			254 89 97 80			254 17 86 109			44	120	0	0.00		
// 5 AM
	22 25 25 			163 163 163 			255 255 255 			10 22 35 			10 22 35 			255 128 0 			255 0 0 			-0.1		0.3		0.9			150 100 0			1500.0		100.0		0.9			23 30 20			50 43 36			53 62 68 240			254 103 107 80			254 10 90 100			88	120	0	0.00		
// 6 AM
	23 23 23 			188 188 188 			255 255 255 			90 145 227 			200 144 85 			255 255 255 			122 122 0 			8.3		0.3		0.8			140 100 0			1500.0		100.0		0.8			100 34 25			120 92 88			185 160 160 240			254 124 124 69			254 91 9 0			75	120	0	0.00		
// 7 AM
	5 5 5 			188 188 188 			255 255 255 			90 205 255 			187 146 116 			255 255 255 			122 122 0 			3.3		0.3		0.3			100 50 0			1500.0		5.0		0.5			120 40 40			159 142 106			145 170 170 240			254 62 64 44			254 80 36 22			81	120	0	0.00		
// Midday
	22 22 5 			188 188 188 			255 255 255 			90 180 255 			57 165 255 			255 128 0 			255 128 0 			2.5		0.9		0.1			150 0 150			1500.0		65.0		0.9			120 100 100			180 255 255			90 170 170 240			254 60 60 46			254 86 84 52			105	120	0	0.00		
// 7 PM
	22 22 5 			163 163 163 			255 255 255 			109 142 157 			165 155 130 			255 128 0 			255 0 0 			7.5		0.5		0.6			110 40 0			1500.0		5.0		0.8			120 40 40			152 123 96			148 134 97 240			254 66 66 46			254 80 72 32			99	120	0	0.00		
// 8 PM
	21 21 21 			163 163 163 			255 255 255 			109 142 189 			165 155 130 			255 128 0 			155 0 0 			1.9		0.3		0.3			100 60 0			1500.0		10.0		0.9			120 40 40			54 55 55			67 67 67 240			254 118 89 48			254 69 28 6			62	120	0	0.00		
// 10 PM
	33 33 33 			163 163 163 			255 255 255 			20 15 45 			66 66 64 			255 5 8 			5 8 0 			0.9		0.3		0.6			160 100 0			1500.0		10.0		0.9			70 27 10			0 0 0			67 67 62 240			254 62 62 124			254 132 80 40			44	120	0	0.00		
//
///////////////////////////////////////////ВEТPEННAЯ ЗAГOPOДНAЯ 
//
// Midnight
//	Amb					Amb_Obj 				Dir 					Sky top				Sky bot				SunCore			SunCorona			SunSz		SprSz	SprBght		Shdw			LightShd			PoleShd			FarClp			FogSt			LightOnGround			LowCloudsRGB			BottomCloudRGB			WaterRGBA			Alpha1    RGB1			Alpha2    RGB2			CloudAlpha			IntensityLimit			WaterFogAlpha			DirMult 
	12 22 35 			200 200 200 			255 255 255 			0 9 9 			1 24 32 			0 0 0 			0 0 0 			0.9		0.3		0.3			200 100 0			1150.0		-22.0		0.9			30 20 0			23 28 30			32 43 66 240			254 77 77 77			254 99 99 83			122	0	0	0.00		
// 5 AM
	3 18 33 			190 176 169 			255 255 255 			0 9 9 			1 24 32 			0 0 0 			0 0 0 			0.9		0.3		0.5			200 100 0			1150.0		-22.0		0.9			70 27 10			23 28 30			26 58 66 240			254 124 124 124			254 48 48 48			122	0	0	0.00		
// 6 AM
	12 22 22 			190 176 169 			255 255 255 			41 46 47 			31 36 37 			0 0 0 			0 0 0 			3.4		0.3		0.3			200 100 0			1150.0		-22.0		0.8			100 34 25			23 28 30			42 77 88 240			254 124 124 124			254 48 48 48			122	0	0	0.00		
// 7 AM
	12 22 21 			190 176 169 			255 255 255 			62 72 75 			62 72 75 			0 0 0 			0 0 0 			-0.1		0.3		0.1			200 50 0			1150.0		-22.0		0.5			120 40 40			46 58 61			52 77 88 240			254 124 124 124			254 48 48 48			122	0	0	0.00		
// Midday
	2 5 5 			188 188 183 			255 255 255 			125 145 151 			125 145 151 			0 0 0 			0 9 9 			1.9		0.3		0.3			80 0 120			1150.0		-22.0		0.3			120 100 100			92 116 123			97 125 125 240			254 124 124 124			254 48 48 48			122	0	0	0.00		
// 7 PM
	0 5 5 			190 176 169 			255 255 255 			62 72 75 			62 72 75 			0 0 0 			0 0 0 			3.5		0.3		0.3			80 0 0			1150.0		-22.0		0.8			120 100 100			46 58 61			102 128 134 240			254 124 124 124			254 48 48 48			122	0	0	0.00		
// 8 PM
	7 5 22 			190 176 169 			255 255 255 			36 36 40 			31 36 44 			0 0 0 			0 0 0 			1.9		0.1		0.9			80 50 0			1150.0		-22.0		0.9			120 100 100			46 58 61			105 126 134 240			254 124 124 124			254 48 48 48			122	0	0	0.00		
// 10 PM
	5 22 33 			190 176 169 			255 255 255 			7 9 9 			1 24 32 			0 0 0 			0 0 0 			0.9		0.1		0.9			200 100 0			1150.0		-22.0		0.9			70 27 10			23 28 30			41 77 74 240			254 124 124 124			254 48 48 48			122	0	0	0.00		
//
///////////////////////////////////////////ДOЖДЛИВAЯ ЗAГOPOДНAЯ 
//
// Midnight
//	Amb					Amb_Obj 				Dir 					Sky top				Sky bot				SunCore			SunCorona			SunSz		SprSz	SprBght		Shdw			LightShd			PoleShd			FarClp			FogSt			LightOnGround			LowCloudsRGB			BottomCloudRGB			WaterRGBA			Alpha1    RGB1			Alpha2    RGB2			CloudAlpha			IntensityLimit			WaterFogAlpha			DirMult 
	21 21 39 			135 173 197 			255 255 255 			40 40 40 			50 50 50 			0 0 0 			0 0 0 			0.9		0.9		0.6			200 100 0			650.0		155.0		0.9			30 20 0			0 0 0			58 115 150 240			254 38 64 98			254 0 64 20			90	55	0	0.00		
// 5 AM
	31 31 31 			135 173 197 			255 255 255 			50 50 50 			50 50 50 			0 0 0 			0 0 0 			0.9		0.9		0.7			200 100 0			650.0		5.0		0.9			70 27 10			0 0 0			59 68 77 240			254 94 66 55			254 22 66 33			90	120	0	0.00		
// 6 AM
	31 31 31 			135 173 197 			255 255 255 			39 50 50 			60 60 60 			0 0 0 			0 0 0 			3.4		0.8		0.3			200 100 0			650.0		161.0		0.8			100 34 25			0 0 0			62 72 77 240			254 88 89 110			254 0 64 20			90	120	100	0.00		
// 7 AM
	21 21 21 			135 173 197 			255 255 255 			69 69 69 			79 79 79 			0 0 0 			0 0 0 			-0.1		0.7		0.5			80 80 0			650.0		5.0		0.8			120 40 40			0 0 0			107 117 122 240			254 80 61 81			254 14 61 20			90	120	0	0.00		
// Midday
	21 21 21 			186 186 186 			255 255 255 			80 80 80 			70 70 70 			0 0 0 			0 0 0 			0.9		0.5		0.7			80 50 120			650.0		5.0		0.7			120 100 100			0 0 0			141 141 140 240			254 69 69 69			254 55 55 55			90	120	0	0.00		
// 7 PM
	21 21 21 			135 173 193 			255 255 255 			80 80 80 			70 70 70 			0 0 0 			0 0 0 			3.5		0.8		0.8			80 50 0			650.0		5.0		0.8			120 40 40			0 0 0			116 135 144 240			254 60 90 85			254 38 42 22			90	120	0	0.00		
// 8 PM
	255 167 198 			223 255 255 			255 255 255 			40 70 70 			70 0 0 			0 0 0 			0 2 0 			3.5		0.8		0.8			80 50 0			650.0		5.0		0.8			120 40 40			0 0 0			116 135 144 240			254 60 90 85			254 38 42 22			90	120	0	0.00		
// 10 PM
	31 31 39 			167 198 223 			255 255 255 			40 40 40 			50 50 50 			0 0 0 			0 0 0 			0.9		0.1		0.5			200 100 0			650.0		188.0		0.9			70 27 10			0 0 0			80 105 144 240			254 38 64 98			254 0 55 20			90	120	0	0.00		
//
///////////////////////////////////////////ЭKCТPA COЛНEЧНAЯ ПYCТЫНЯ 
//
// Midnight
//	Amb					Amb_Obj 				Dir 					Sky top				Sky bot				SunCore			SunCorona			SunSz		SprSz	SprBght		Shdw			LightShd			PoleShd			FarClp			FogSt			LightOnGround			LowCloudsRGB			BottomCloudRGB			WaterRGBA			Alpha1    RGB1			Alpha2    RGB2			CloudAlpha			IntensityLimit			WaterFogAlpha			DirMult 
	5 5 11 			163 163 163 			255 255 255 			0 0 26 			45 0 64 			255 255 0 			5 0 0 			0.9		0.3		0.9			200 100 0			1500.0		100.0		0.9			30 20 0			3 3 3			38 38 55 240			254 84 109 141			254 34 17 77			0	0	0	0.00		
// 5 AM
	5 5 15 			180 163 163 			255 255 255 			11 0 21 			80 50 58 			255 128 0 			255 0 0 			-0.1		0.7		0.5			150 100 0			1500.0		100.0		0.9			70 27 10			50 43 36			53 62 68 240			254 124 93 131			254 34 17 14			0	0	0	0.00		
// 6 AM
	5 5 22 			188 188 188 			255 255 255 			90 205 255 			200 144 85 			255 128 0 			155 155 155 			8.3		0.9		0.1			140 100 0			1500.0		100.0		0.8			100 34 25			120 92 88			159 138 120 240			254 88 88 88			254 144 77 0			0	69	0	0.00		
// 7 AM
	10 10 10 			188 188 188 			255 255 255 			210 231 200 			250 218 143 			255 128 0 			155 155 155 			3.8		0.9		0.1			100 50 0			1500.0		100.0		0.5			120 40 40			159 142 106			145 170 170 240			254 64 64 56			254 113 55 0			0	188	0	0.00		
// Midday
	0 0 0 			188 188 188 			255 255 255 			233 231 233 			250 156 158 			255 128 0 			255 128 0 			2.5		0.9		-0.1			150 0 150			1500.0		111.0		0.9			120 100 100			180 255 255			126 170 140 240			254 77 77 66			254 120 69 0			0	122	0	0.00		
// 7 PM
	0 0 0 			163 163 163 			255 255 255 			210 231 200 			250 218 143 			255 128 0 			255 0 0 			7.5		0.9		0.6			110 40 0			1500.0		10.0		0.8			120 40 40			200 123 96			139 112 87 240			254 88 88 77			254 92 20 0			0	188	0	0.00		
// 8 PM
	0 0 0 			163 163 163 			255 255 255 			76 59 26 			84 67 24 			255 128 0 			155 0 0 			1.9		0.9		0.3			100 60 0			1500.0		10.0		0.9			120 40 40			30 0 0			67 67 67 240			254 127 96 63			254 165 62 0			0	0	0	0.00		
// 10 PM
	5 5 11 			163 163 163 			255 255 255 			5 11 29 			54 0 64 			255 5 8 			5 8 0 			0.9		0.5		0.6			160 100 0			1500.0		10.0		0.9			70 27 10			0 0 0			67 67 62 240			254 84 109 124			254 34 17 77			0	0	0	0.00		
//
///////////////////////////////////////////COЛНEЧНAЯ ПYCТЫНЯ 
//
// Midnight
//	Amb					Amb_Obj 				Dir 					Sky top				Sky bot				SunCore			SunCorona			SunSz		SprSz	SprBght		Shdw			LightShd			PoleShd			FarClp			FogSt			LightOnGround			LowCloudsRGB			BottomCloudRGB			WaterRGBA			Alpha1    RGB1			Alpha2    RGB2			CloudAlpha			IntensityLimit			WaterFogAlpha			DirMult 
	10 10 20 			163 163 163 			255 255 255 			0 0 26 			45 0 64 			255 255 0 			5 0 0 			0.9		0.3		0.9			200 100 0			1500.0		100.0		0.9			30 20 0			3 3 3			38 38 55 240			254 84 109 141			254 34 17 77			55	0	0	0.00		
// 5 AM
	10 10 15 			180 163 163 			255 255 255 			11 0 21 			80 50 58 			255 128 0 			255 0 0 			-0.1		0.7		0.5			150 100 0			1500.0		100.0		0.9			70 27 10			50 43 36			53 62 68 240			254 124 93 131			254 34 17 14			55	0	0	0.00		
// 6 AM
	5 5 22 			188 188 188 			255 255 255 			90 205 255 			200 144 85 			255 128 0 			155 155 155 			8.3		0.9		0.1			140 100 0			1500.0		100.0		0.8			100 34 25			120 92 88			159 138 120 240			254 88 88 88			254 144 77 0			100	69	0	0.00		
// 7 AM
	0 0 0 			188 188 188 			255 255 255 			210 231 200 			250 218 143 			255 128 0 			155 155 155 			3.8		0.9		0.1			100 50 0			1500.0		100.0		0.5			120 40 40			159 142 106			145 170 170 240			254 64 64 56			254 113 55 0			55	188	0	0.00		
// Midday
	0 0 0 			188 188 188 			255 255 255 			233 231 233 			250 156 158 			255 128 0 			255 128 0 			2.5		0.9		-0.1			150 0 150			1500.0		111.0		0.9			120 100 100			180 255 255			126 170 140 240			254 77 77 66			254 120 69 0			33	122	0	0.00		
// 7 PM
	0 0 0 			163 163 163 			255 255 255 			210 231 200 			250 218 143 			255 128 0 			255 0 0 			7.5		0.9		0.6			110 40 0			1500.0		10.0		0.8			120 40 40			200 123 96			139 112 87 240			254 88 88 77			254 92 20 0			55	188	0	0.00		
// 8 PM
	0 0 0 			163 163 163 			255 255 255 			181 150 84 			167 108 65 			255 128 0 			155 0 0 			1.9		0.9		0.3			100 60 0			1500.0		10.0		0.9			120 40 40			30 0 0			67 67 67 240			254 81 85 40			254 66 27 0			53	0	0	0.00		
// 10 PM
	10 10 10 			163 163 163 			255 255 255 			5 11 29 			54 0 64 			255 5 8 			5 8 0 			0.9		0.5		0.6			160 100 0			1500.0		10.0		0.9			70 27 10			0 0 0			67 67 62 240			254 84 109 124			254 34 17 77			55	0	0	0.00		
//
///////////////////////////////////////////БYPЯ в ПYCТЫНЕ 
//
// Midnight
//	Amb					Amb_Obj 				Dir 					Sky top				Sky bot				SunCore			SunCorona			SunSz		SprSz	SprBght		Shdw			LightShd			PoleShd			FarClp			FogSt			LightOnGround			LowCloudsRGB			BottomCloudRGB			WaterRGBA			Alpha1    RGB1			Alpha2    RGB2			CloudAlpha			IntensityLimit			WaterFogAlpha			DirMult 
	21 21 21 			137 137 137 			255 255 255 			55 55 55 			55 55 55 			255 255 0 			5 0 0 			0.9		0.9		0.9			50 100 0			150.0		-111.0		0.9			30 20 0			3 3 3			38 38 55 240			254 64 64 64			254 56 38 0			0	12	0	0.00		
// 5 AM
	21 21 21 			137 137 137 			255 255 255 			105 102 82 			105 102 82 			255 128 0 			255 0 0 			-0.1		0.9		0.9			50 100 0			150.0		-111.0		0.9			70 27 10			50 43 36			53 62 68 240			254 64 64 64			254 56 38 0			0	12	0	0.00		
// 6 AM
	21 21 21 			137 137 137 			255 255 255 			112 109 89 			112 109 89 			255 128 0 			255 128 0 			8.3		0.9		-0.1			50 100 0			150.0		-111.0		0.8			100 34 25			120 92 88			185 160 160 192			254 64 64 64			254 56 32 0			0	12	0	0.00		
// 7 AM
	21 21 21 			137 137 137 			255 255 255 			120 117 96 			120 117 96 			0 0 0 			0 0 0 			-0.1		0.9		-0.1			50 50 0			150.0		-111.0		0.5			120 40 40			159 142 106			145 170 170 230			254 64 64 64			254 99 89 77			0	12	0	0.00		
// Midday
	11 11 11 			137 137 137 			255 255 255 			166 163 140 			166 163 140 			0 0 0 			0 0 0 			-0.1		0.9		-0.1			50 0 0			150.0		-111.0		0.9			120 100 100			180 255 255			45 90 90 240			254 64 44 33			254 99 99 77			0	44	0	0.00		
// 7 PM
	21 21 21 			137 137 137 			255 255 255 			97 94 78 			97 94 78 			255 128 0 			255 0 0 			-0.1		0.9		0.9			50 40 0			150.0		-111.0		0.8			120 40 40			200 123 96			98 95 87 240			254 64 64 64			254 99 99 99			0	255	0	0.00		
// 8 PM
	21 21 21 			137 137 137 			255 255 255 			87 84 69 			87 84 69 			255 128 0 			155 0 0 			1.9		0.9		0.9			50 60 0			150.0		-111.0		0.9			120 40 40			0 0 0			67 67 67 240			254 64 64 64			254 56 38 0			0	255	0	0.00		
// 10 PM
	21 21 21 			137 155 33 			255 255 255 			55 55 55 			55 55 55 			255 5 8 			5 8 0 			0.9		0.9		0.9			50 100 0			150.0		-111.0		0.9			70 27 10			0 0 0			67 67 62 240			254 64 64 64			254 56 38 0			0	0	0	0.00		
//
///////////////////////////////////////////ПOД ВOДOЙ 
//
// Midnight
//	Amb					Amb_Obj 				Dir 					Sky top				Sky bot				SunCore			SunCorona			SunSz		SprSz	SprBght		Shdw			LightShd			PoleShd			FarClp			FogSt			LightOnGround			LowCloudsRGB			BottomCloudRGB			WaterRGBA			Alpha1    RGB1			Alpha2    RGB2			CloudAlpha			IntensityLimit			WaterFogAlpha			DirMult 
	21 21 21 			135 173 197 			255 255 255 			10 10 10 			20 20 20 			0 0 0 			0 0 0 			0.9		0.9		0.9			200 100 0			300.0		5.0		0.9			30 20 0			0 0 0			59 68 77 192			254 104 136 83			254 24 76 16			255	0	0	0.00		
// 5 AM
	21 21 21 			135 173 197 			255 255 255 			10 10 10 			20 20 20 			0 0 0 			0 0 0 			-0.1		0.9		0.9			200 100 0			300.0		5.0		0.9			70 27 10			0 0 0			59 68 77 192			254 94 141 95			254 0 70 20			255	0	0	0.00		
// 6 AM
	21 21 21 			135 173 197 			255 255 255 			10 10 10 			20 20 20 			0 0 0 			0 0 0 			3.4		0.8		0.8			200 100 0			300.0		5.0		0.8			100 34 25			0 0 0			62 72 77 192			254 124 174 110			254 0 64 20			255	0	100	0.00		
// 7 AM
	21 21 21 			135 173 197 			255 255 255 			40 40 40 			50 50 50 			0 0 0 			0 0 0 			2.5		0.7		0.8			80 80 0			300.0		5.0		0.8			120 40 40			0 0 0			107 117 122 192			254 124 153 104			254 0 48 20			255	0	0	0.00		
// Midday
	21 21 21 			186 186 186 			255 255 255 			80 80 80 			70 70 70 			0 0 0 			0 0 0 			0.9		0.5		0.7			80 50 120			300.0		5.0		0.7			120 100 100			0 0 0			141 141 140 255			254 124 143 109			254 0 51 24			255	0	0	0.00		
// 7 PM
	21 21 21 			135 173 193 			255 255 255 			80 80 80 			70 70 70 			0 0 0 			0 0 0 			3.5		0.9		0.9			80 50 0			300.0		5.0		0.8			120 40 40			0 0 0			116 135 144 192			254 124 139 85			254 10 46 22			255	0	0	0.00		
// 8 PM
	21 21 21 			167 198 223 			255 255 255 			40 40 40 			70 70 70 			0 0 0 			0 0 0 			1.9		0.9		0.9			80 80 0			300.0		5.0		0.9			120 40 40			0 0 0			132 176 189 192			254 63 124 99			254 0 87 20			255	0	0	0.00		
// 10 PM
	21 21 21 			167 198 223 			255 255 255 			40 40 40 			50 50 50 			0 0 0 			0 0 0 			0.9		0.9		0.9			200 100 0			300.0		5.0		0.9			70 27 10			0 0 0			161 176 189 192			254 124 124 91			254 0 85 20			255	0	0	0.00		
//
///////////////////////////////////////////ДOП. ЦВEТA 1 
//
// Midnight
//	Amb					Amb_Obj 				Dir 					Sky top				Sky bot				SunCore			SunCorona			SunSz		SprSz	SprBght		Shdw			LightShd			PoleShd			FarClp			FogSt			LightOnGround			LowCloudsRGB			BottomCloudRGB			WaterRGBA			Alpha1    RGB1			Alpha2    RGB2			CloudAlpha			IntensityLimit			WaterFogAlpha			DirMult 
	0 0 0 			166 166 166 			255 255 255 			255 255 255 			5 5 5 			255 255 0 			5 0 0 			0.9		0.9		0.9			200 100 0			400.0		100.0		0.9			30 20 0			3 3 3			85 85 65 192			254 64 64 41			254 64 64 64			0	0	0	0.00		
// 5 AM
	0 0 0 			121 122 122 			255 255 255 			1 1 1 			5 5 5 			255 255 0 			5 0 0 			0.9		0.3		0.9			200 100 0			400.0		100.0		0.9			30 20 0			3 3 3			65 85 65 147			254 64 64 43			254 73 69 64			0	0	0	0.00		
// 6 AM
	0 0 0 			50 50 50 			255 255 255 			255 255 255 			5 5 5 			255 255 0 			5 0 0 			0.9		0.9		0.9			200 100 0			400.0		100.0		0.9			30 20 0			3 3 3			85 85 65 192			254 64 64 64			254 64 64 64			0	0	0	0.00		
// 7 AM
	0 0 0 			180 180 180 			255 255 255 			1 1 1 			5 5 5 			255 255 0 			5 0 0 			0.9		0.9		0.9			200 100 0			400.0		100.0		0.9			30 20 0			3 3 3			85 85 65 192			254 64 64 46			254 65 64 64			0	0	0	0.00		
// Midday
	8 2 4 			22 22 22 			255 255 255 			255 255 255 			5 5 5 			255 255 0 			5 0 0 			0.9		0.9		0.9			200 100 0			400.0		100.0		0.9			30 20 0			3 3 3			85 85 65 192			254 87 64 85			254 64 33 33			0	0	0	0.00		
// 7 PM
	7 9 2 			54 55 55 			255 255 255 			255 255 255 			5 5 5 			255 255 0 			5 0 0 			0.9		0.9		0.9			200 100 0			400.0		100.0		0.9			30 20 0			3 3 3			85 85 65 192			254 44 64 87			254 99 99 99			0	0	0	0.00		
// 8 PM
	0 0 0 			20 20 20 			255 255 255 			255 255 255 			5 5 5 			255 255 0 			5 0 0 			0.9		0.9		0.9			200 100 0			400.0		100.0		0.9			30 20 0			3 3 3			85 85 65 192			254 64 64 64			254 64 146 64			0	0	0	0.00		
// 10 PM
	0 0 0 			20 20 20 			255 255 255 			255 255 255 			5 5 5 			255 255 0 			5 0 0 			0.9		0.3		0.5			200 100 0			400.0		100.0		0.9			30 20 0			3 3 3			85 85 65 192			254 64 64 64			254 96 92 64			0	0	0	0.00		
//
///////////////////////////////////////////ДOП. ЦВEТA 2 
//
// Midnight
//	Amb					Amb_Obj 				Dir 					Sky top				Sky bot				SunCore			SunCorona			SunSz		SprSz	SprBght		Shdw			LightShd			PoleShd			FarClp			FogSt			LightOnGround			LowCloudsRGB			BottomCloudRGB			WaterRGBA			Alpha1    RGB1			Alpha2    RGB2			CloudAlpha			IntensityLimit			WaterFogAlpha			DirMult 
	0 0 0 			99 99 99 			255 255 255 			255 255 255 			5 5 5 			255 255 0 			5 0 0 			0.9		0.9		0.9			200 100 0			400.0		100.0		0.9			30 20 0			3 3 3			85 85 65 192			254 61 53 30			254 64 64 64			0	0	0	0.00		
// 5 AM
	30 30 30 			20 20 20 			255 255 255 			255 255 255 			5 5 5 			255 255 0 			5 0 0 			0.9		0.9		0.9			200 100 0			400.0		100.0		0.9			30 20 0			3 3 3			85 85 65 192			254 64 64 64			254 64 73 80			0	0	0	0.00		
// 6 AM
	0 0 0 			20 20 20 			255 255 255 			255 255 255 			50 5 50 			255 255 0 			5 0 0 			0.9		0.9		0.9			200 100 0			78.0		50.0		0.9			30 20 0			3 3 3			85 85 65 192			254 64 16 64			254 64 64 64			0	0	0	0.00		
// 7 AM
	0 0 0 			133 133 133 			255 255 255 			255 255 255 			0 0 0 			0 0 0 			5 0 0 			0.9		0.9		0.9			200 0 0			400.0		100.0		0.9			30 20 0			3 3 3			85 85 65 192			254 64 64 64			254 64 64 64			0	0	0	0.00		
// Midday
	0 0 0 			0 0 0 			255 255 255 			255 255 255 			0 0 0 			0 0 0 			5 0 0 			0.9		0.9		0.9			200 0 0			400.0		100.0		0.9			30 20 0			3 3 3			85 85 65 192			254 44 44 44			254 33 64 64			234	0	0	0.00		
// 7 PM
	0 0 0 			20 20 20 			255 255 255 			255 255 255 			5 5 5 			255 255 0 			5 0 0 			0.9		0.9		0.9			200 100 0			400.0		100.0		0.9			30 20 0			3 3 3			85 85 65 192			254 64 64 64			254 64 146 64			0	0	0	0.00		
// 8 PM
	0 0 0 			50 50 50 			255 255 255 			255 255 255 			5 5 5 			255 255 0 			5 0 0 			0.9		0.9		0.9			200 100 0			400.0		100.0		0.9			30 20 0			3 3 3			85 85 65 192			254 64 64 64			254 64 64 64			0	0	0	0.00		
// 10 PM
	0 0 0 			190 180 180 			255 255 255 			1 1 1 			5 5 5 			255 255 0 			5 0 0 			0.9		0.9		0.9			200 100 0			400.0		100.0		0.9			30 20 0			3 3 3			85 85 65 192			254 64 64 64			254 64 64 40			0	0	0	0.00		
