//
///////////////////////////////////////////ЭKCТPACOЛНEЧНAЯ LA 
//
// Midnight
//	Amb					Amb_Obj 				Dir 					Sky top				Sky bot				SunCore			SunCorona			SunSz		SprSz	SprBght		Shdw			LightShd			PoleShd			FarClp			FogSt			LightOnGround			LowCloudsRGB			BottomCloudRGB			WaterRGBA			Alpha1    RGB1			Alpha2    RGB2			CloudAlpha			IntensityLimit			WaterFogAlpha			DirMult 
	0 0 0 			27 27 27 			255 255 255 			0 0 0 			11 12 14 			0 0 0 			5 0 0 			0.9		0.9		0.9			200 100 0			1800.0		100.0		0.9			30 20 0			3 3 3			85 85 65 240			254 12 12 12			254 13 17 17			0	90	0	1.00		
// 5 AM
	22 22 22 			87 87 87 			255 255 255 			0 0 0 			11 11 14 			0 0 0 			26 26 26 			0.9		0.9		0.3			200 100 0			1800.0		100.0		0.9			30 20 0			3 3 3			85 85 65 240			254 0 0 0			254 38 78 78			0	90	0	1.00		
// 6 AM
	43 43 43 			128 128 160 			255 255 255 			23 50 81 			200 153 108 			255 128 0 			55 51 46 			0.1		0.3		0.5			140 100 0			799.0		100.0		0.8			145 0 0			255 128 64			185 160 160 240			254 53 33 18			254 0 0 0			75	120	0	1.00		
// 7 AM
	11 11 11 			255 254 254 			255 255 255 			255 254 254 			255 254 254 			255 254 254 			79 79 79 			-0.1		0.9		0.1			100 50 75			2300.0		100.0		0.5			0 0 0			255 255 255			145 170 170 240			254 0 0 0			254 255 254 254			25	180	0	2.55		
// Midday
	53 53 53 			189 189 189 			255 255 255 			119 134 146 			141 149 156 			255 255 255 			77 77 77 			0.1		-0.1		-0.1			236 0 190			2300.0		3.0		-0.1			0 0 0			255 255 255			90 170 170 240			254 0 0 0			254 30 22 9			25	180	0	0.00		
// 7 PM
	53 53 53 			102 102 102 			255 255 255 			132 133 128 			157 171 176 			255 255 255 			76 76 76 			3.9		0.9		-0.1			110 40 75			2300.0		10.0		0.8			0 0 0			192 192 192			50 97 97 240			254 0 0 0			254 0 0 0			25	180	0	1.00		
// 8 PM
	10 10 10 			119 110 103 			255 255 255 			14 29 70 			181 132 80 			255 128 0 			255 128 0 			1.9		0.9		0.3			100 60 0			2300.0		10.0		0.9			255 128 64			164 113 146			67 67 67 240			254 0 0 0			254 0 0 0			25	140	0	1.00		
// 10 PM
	21 20 20 			210 194 182 			255 255 255 			0 0 0 			5 6 9 			0 0 0 			5 8 0 			0.9		0.9		0.3			160 100 0			1800.0		10.0		0.9			0 0 0			81 81 81			67 67 62 240			254 35 62 135			254 4 3 0			25	90	0	1.00		
//
///////////////////////////////////////////COЛНEЧНAЯ LA 
//
// Midnight
//	Amb					Amb_Obj 				Dir 					Sky top				Sky bot				SunCore			SunCorona			SunSz		SprSz	SprBght		Shdw			LightShd			PoleShd			FarClp			FogSt			LightOnGround			LowCloudsRGB			BottomCloudRGB			WaterRGBA			Alpha1    RGB1			Alpha2    RGB2			CloudAlpha			IntensityLimit			WaterFogAlpha			DirMult 
	38 38 38 			109 101 95 			255 255 255 			11 11 11 			6 7 9 			0 0 0 			0 0 0 			5.2		1.1		0.8			200 100 0			1691.0		100.0		0.9			0 0 0			3 3 3			85 85 65 240			254 4 4 4			254 7 12 14			55	220	0	1.00		
// 5 AM
	58 58 58 			100 92 86 			255 255 255 			5 7 14 			11 12 14 			0 0 0 			27 27 27 			0.9		0.3		0.3			200 100 0			1800.0		100.0		0.9			0 0 0			3 3 3			85 85 65 240			254 43 43 43			254 9 8 8			55	220	0	1.00		
// 6 AM
	27 27 27 			102 102 102 			255 255 255 			34 65 119 			213 140 99 			255 128 0 			38 38 38 			0.1		0.5		0.8			140 93 0			2300.0		100.0		0.8			0 0 0			243 129 52			90 170 170 240			254 25 25 25			254 0 0 0			177	220	0	1.00		
// 7 AM
	36 36 34 			110 110 110 			255 255 255 			37 86 131 			118 147 176 			255 255 255 			64 64 64 			0.1		0.9		-0.1			211 0 149			2300.0		100.0		0.5			0 0 0			255 255 255			145 170 170 240			254 0 0 0			254 2 2 2			177	220	0	1.00		
// Midday
	40 40 40 			65 65 65 			255 255 255 			63 92 132 			108 128 159 			255 255 255 			43 43 43 			0.1		0.9		-0.1			236 0 190			2300.0		3.0		-0.1			0 0 0			255 255 255			90 170 170 240			254 0 0 0			254 19 19 19			88	220	0	1.00		
// 7 PM
	38 38 38 			141 141 141 			255 255 255 			62 78 131 			131 162 216 			255 255 255 			42 42 42 			7.5		0.9		-0.1			110 40 75			2300.0		100.0		0.8			0 0 0			192 192 192			50 97 97 240			254 0 0 0			254 0 0 0			88	220	0	1.00		
// 8 PM
	61 61 61 			98 98 98 			255 255 255 			51 66 105 			255 185 114 			255 128 0 			255 128 0 			1.9		0.9		0.1			100 60 0			2300.0		43.0		0.9			255 128 64			164 113 146			67 67 67 240			254 0 0 0			254 0 0 0			177	220	0	1.00		
// 10 PM
	28 28 28 			210 210 210 			255 255 255 			15 16 17 			29 29 32 			0 0 0 			5 8 0 			0.9		0.3		0.3			160 100 0			1800.0		41.0		0.9			0 0 0			81 81 81			67 67 62 240			254 38 13 13			254 153 157 160			111	60	0	1.00		
//
///////////////////////////////////////////ЭKCТPACOЛНEЧНAЯ CМOГ LA 
//
// Midnight
//	Amb					Amb_Obj 				Dir 					Sky top				Sky bot				SunCore			SunCorona			SunSz		SprSz	SprBght		Shdw			LightShd			PoleShd			FarClp			FogSt			LightOnGround			LowCloudsRGB			BottomCloudRGB			WaterRGBA			Alpha1    RGB1			Alpha2    RGB2			CloudAlpha			IntensityLimit			WaterFogAlpha			DirMult 
	81 81 81 			51 50 47 			255 255 255 			0 0 0 			10 10 16 			0 0 0 			101 101 101 			0.9		0.3		0.5			200 102 0			1800.0		100.0		0.9			30 20 0			3 3 3			44 44 33 240			254 2 3 6			254 3 11 14			25	80	0	1.00		
// 5 AM
	33 33 33 			113 111 106 			255 255 255 			0 0 0 			17 17 23 			0 0 0 			35 35 35 			0.9		0.3		0.8			200 102 0			1800.0		100.0		0.9			30 20 0			3 3 3			85 85 65 240			254 26 27 32			254 34 50 55			25	80	0	1.00		
// 6 AM
	57 57 57 			118 109 102 			255 255 255 			87 85 83 			209 156 98 			255 128 0 			48 35 29 			0.1		0.3		0.3			140 93 0			2300.0		50.0		0.8			0 0 0			243 129 52			90 170 170 240			254 0 0 0			254 38 31 30			25	120	0	1.00		
// 7 AM
	0 0 0 			132 132 132 			255 255 255 			53 88 125 			137 168 201 			255 255 255 			77 77 77 			0.1		0.1		0.8			100 50 75			2300.0		10.0		0.5			0 0 0			255 255 255			145 170 170 240			254 13 13 11			254 23 18 13			25	120	0	1.00		
// Midday
	10 10 10 			52 52 52 			255 255 255 			68 97 146 			126 148 111 			255 255 255 			80 80 80 			-0.1		0.1		0.3			236 0 190			2300.0		3.0		-0.1			0 0 0			255 255 255			90 170 170 240			254 10 10 10			254 17 17 17			25	50	0	1.00		
// 7 PM
	22 22 11 			130 120 113 			255 255 255 			80 133 191 			174 181 122 			255 255 255 			47 47 47 			7.5		0.3		0.9			110 40 103			2300.0		10.0		0.8			0 0 0			192 192 192			50 97 97 240			254 52 39 28			254 0 0 0			25	150	0	1.00		
// 8 PM
	43 40 32 			137 120 95 			255 255 255 			46 51 78 			221 214 164 			255 128 0 			255 128 0 			1.9		0.3		0.9			100 60 0			2300.0		10.0		0.9			255 128 64			164 113 146			67 67 67 240			254 0 0 0			254 8 4 0			25	150	0	1.00		
// 10 PM
	0 0 0 			150 130 130 			255 255 255 			0 0 0 			9 9 11 			0 0 0 			5 8 0 			0.9		0.3		0.3			160 100 0			1800.0		10.0		0.9			0 0 0			81 81 81			67 67 62 240			254 38 80 129			254 0 0 0			25	80	0	1.00		
//
///////////////////////////////////////////COЛНEЧНAЯ и CМOГ LA 
//
// Midnight
//	Amb					Amb_Obj 				Dir 					Sky top				Sky bot				SunCore			SunCorona			SunSz		SprSz	SprBght		Shdw			LightShd			PoleShd			FarClp			FogSt			LightOnGround			LowCloudsRGB			BottomCloudRGB			WaterRGBA			Alpha1    RGB1			Alpha2    RGB2			CloudAlpha			IntensityLimit			WaterFogAlpha			DirMult 
	88 88 88 			210 188 166 			255 255 255 			0 0 0 			23 23 34 			0 0 0 			5 0 0 			0.9		0.8		0.8			200 100 0			1800.0		155.0		0.9			30 20 0			3 3 3			85 85 65 240			254 26 53 53			254 0 0 0			122	90	0	1.00		
// 5 AM
	33 33 33 			60 54 47 			255 255 255 			0 0 0 			0 0 16 			0 0 0 			5 0 0 			0.9		0.3		0.6			200 100 0			1800.0		155.0		0.8			30 20 0			3 3 3			85 85 65 240			254 14 22 22			254 3 4 16			122	90	0	1.00		
// 6 AM
	35 35 35 			77 71 67 			255 255 255 			62 90 104 			198 142 90 			255 128 0 			55 48 44 			0.1		0.3		0.1			140 93 0			2300.0		100.0		0.8			0 0 0			243 129 52			90 170 170 240			254 26 26 26			254 24 20 14			122	120	0	1.00		
// 7 AM
	12 12 16 			169 169 169 			255 255 255 			54 95 135 			104 137 106 			255 255 255 			79 79 79 			-0.1		0.1		0.1			236 50 75			2300.0		100.0		0.5			0 0 0			255 255 255			145 170 170 240			254 21 17 17			254 13 16 10			122	180	0	1.00		
// Midday
	28 28 28 			89 89 89 			255 255 255 			59 97 146 			176 189 104 			255 255 255 			79 79 79 			-0.1		0.9		0.1			236 0 190			2300.0		3.0		-0.1			0 0 0			255 255 255			90 170 170 240			254 25 25 25			254 17 17 17			122	180	0	1.00		
// 7 PM
	0 0 0 			153 142 133 			255 255 255 			86 115 211 			132 170 234 			255 255 255 			60 60 60 			0.1		0.3		0.3			222 40 75			2300.0		10.0		0.8			0 0 0			192 192 192			50 97 97 240			254 0 0 0			254 0 0 0			122	180	0	1.00		
// 8 PM
	53 53 53 			125 116 109 			255 255 255 			46 51 78 			255 208 159 			255 128 0 			255 128 0 			0.1		0.3		0.7			100 60 0			2300.0		10.0		0.9			0 0 0			164 113 146			67 67 67 240			254 0 0 0			254 0 0 0			122	120	0	1.00		
// 10 PM
	33 33 33 			54 50 47 			255 255 255 			0 0 0 			15 10 7 			0 0 0 			5 8 0 			0.9		0.3		0.6			160 100 0			1800.0		10.0		0.9			0 0 0			81 81 81			67 67 62 240			254 0 0 0			254 45 81 140			122	90	0	1.00		
//
///////////////////////////////////////////ВEТPEННAЯ LA 
//
// Midnight
//	Amb					Amb_Obj 				Dir 					Sky top				Sky bot				SunCore			SunCorona			SunSz		SprSz	SprBght		Shdw			LightShd			PoleShd			FarClp			FogSt			LightOnGround			LowCloudsRGB			BottomCloudRGB			WaterRGBA			Alpha1    RGB1			Alpha2    RGB2			CloudAlpha			IntensityLimit			WaterFogAlpha			DirMult 
	26 86 86 			115 129 153 			255 255 255 			10 10 10 			26 26 26 			10 10 0 			10 0 0 			0.9		0.9		0.8			255 100 0			1500.0		79.0		0.9			30 20 0			23 28 30			55 55 66 240			254 10 10 10			254 0 0 0			155	51	0	2.00		
// 5 AM
	45 45 45 			137 146 173 			255 255 255 			10 10 10 			21 21 21 			10 10 0 			76 59 19 			0.9		0.9		0.9			255 100 0			1400.0		-22.0		0.9			0 0 0			23 28 30			55 55 66 240			254 0 0 0			254 73 126 153			155	100	0	2.00		
// 6 AM
	9 16 18 			110 110 110 			255 255 255 			48 53 57 			131 145 148 			0 0 0 			59 58 58 			0.1		0.8		0.8			255 100 0			1400.0		90.0		0.8			244 150 104			23 28 30			77 77 88 240			254 6 12 22			254 0 0 0			155	180	0	2.00		
// 7 AM
	0 0 0 			115 106 102 			255 255 255 			122 136 136 			119 129 132 			0 0 0 			81 80 79 			-0.1		0.7		0.1			255 100 0			1400.0		-22.0		0.5			0 0 0			92 116 125			77 77 88 240			254 0 0 0			254 0 0 0			155	180	0	2.00		
// Midday
	79 79 79 			78 78 78 			255 255 255 			209 226 229 			108 129 130 			232 232 232 			69 69 69 			0.1		0.5		0.1			255 106 0			1400.0		-22.0		0.3			0 0 0			92 116 123			125 125 125 240			254 0 0 0			254 18 24 24			155	180	0	2.00		
// 7 PM
	0 0 0 			154 142 136 			255 255 255 			123 129 129 			115 124 129 			255 255 125 			99 99 81 			0.1		0.9		0.1			255 100 0			1400.0		-22.0		0.8			0 0 0			92 116 123			123 128 134 240			254 0 0 0			254 0 0 0			155	180	0	2.00		
// 8 PM
	0 0 0 			145 153 161 			255 255 255 			77 77 79 			74 75 76 			255 0 0 			255 0 0 			-0.1		0.9		0.1			255 101 0			1400.0		-22.0		0.9			0 0 0			128 128 128			122 126 134 240			254 0 0 0			254 61 61 61			155	180	0	2.00		
// 10 PM
	24 28 20 			66 59 59 			255 255 255 			75 75 75 			94 94 94 			10 10 0 			10 0 0 			0.9		0.9		0.3			255 100 0			1200.0		111.0		0.9			70 27 10			23 28 30			10 70 60 240			254 9 9 15			254 28 28 36			155	20	0	2.00		
//
///////////////////////////////////////////COЛНEЧНAЯ SF 
//
// Midnight
//	Amb					Amb_Obj 				Dir 					Sky top				Sky bot				SunCore			SunCorona			SunSz		SprSz	SprBght		Shdw			LightShd			PoleShd			FarClp			FogSt			LightOnGround			LowCloudsRGB			BottomCloudRGB			WaterRGBA			Alpha1    RGB1			Alpha2    RGB2			CloudAlpha			IntensityLimit			WaterFogAlpha			DirMult 
	22 22 22 			70 70 70 			255 255 255 			2 2 3 			5 5 7 			0 0 0 			5 0 0 			0.9		0.9		0.3			200 100 0			2000.0		100.0		0.9			31 31 31			3 3 3			19 40 52 240			254 6 48 80			254 0 0 0			50	120	0	1.00		
// 5 AM
	38 38 38 			133 133 133 			255 255 255 			23 35 47 			79 90 113 			0 0 0 			0 0 0 			0.9		0.5		0.3			200 100 0			2000.0		100.0		0.9			31 31 31			3 3 3			19 40 52 240			254 16 31 42			254 51 32 15			50	120	0	1.00		
// 6 AM
	36 36 36 			64 64 64 			255 255 255 			17 52 111 			177 129 102 			255 128 0 			42 42 42 			0.1		0.1		0.3			140 100 0			2100.0		60.0		0.8			0 0 0			232 142 104			178 160 160 200			254 0 0 0			254 0 0 0			50	120	0	1.00		
// 7 AM
	0 0 0 			150 155 150 			255 255 255 			69 99 159 			120 138 170 			255 255 255 			80 80 80 			0.1		0.9		0.1			255 50 75			2400.0		66.0		15.2			0 0 0			192 192 192			145 170 170 240			254 6 6 5			254 0 0 0			50	120	0	1.00		
// Midday
	0 0 0 			135 140 143 			255 255 255 			36 83 128 			91 107 142 			255 255 255 			23 21 19 			0.1		0.9		0.1			150 0 150			2500.0		66.0		15.7			0 0 0			192 192 192			90 170 170 240			254 51 51 51			254 0 0 0			50	120	0	1.00		
// 7 PM
	28 28 28 			122 125 129 			255 255 255 			88 126 185 			161 196 230 			76 76 76 			25 25 25 			0.1		0.9		0.1			110 40 0			2400.0		66.0		14.8			0 0 0			168 169 170			103 95 87 240			254 0 0 0			254 0 0 0			50	120	0	1.00		
// 8 PM
	39 39 39 			134 134 134 			255 255 255 			37 43 71 			118 153 182 			255 128 0 			155 0 0 			1.9		0.6		0.3			100 60 0			2400.0		66.0		0.9			255 128 64			0 0 64			67 67 67 240			254 0 0 0			254 63 63 63			50	120	0	1.00		
// 10 PM
	0 0 0 			140 140 140 			255 255 255 			4 4 5 			12 13 15 			0 0 0 			5 8 0 			0.9		0.5		0.5			160 100 0			2100.0		66.0		0.9			0 0 0			0 0 0			44 73 96 240			254 1 1 1			254 90 102 136			0	112	0	1.00		
//
///////////////////////////////////////////ЭKCТPACOЛНEЧНAЯ SF 
//
// Midnight
//	Amb					Amb_Obj 				Dir 					Sky top				Sky bot				SunCore			SunCorona			SunSz		SprSz	SprBght		Shdw			LightShd			PoleShd			FarClp			FogSt			LightOnGround			LowCloudsRGB			BottomCloudRGB			WaterRGBA			Alpha1    RGB1			Alpha2    RGB2			CloudAlpha			IntensityLimit			WaterFogAlpha			DirMult 
	88 88 88 			133 133 133 			255 255 255 			2 2 3 			4 4 5 			0 0 0 			5 0 0 			0.9		0.5		0.8			200 100 0			2000.0		100.0		0.9			31 31 31			3 3 3			19 40 52 240			254 6 16 23			254 21 16 11			0	120	0	1.00		
// 5 AM
	20 30 30 			99 99 99 			255 255 255 			5 10 14 			71 92 116 			0 0 0 			66 66 66 			0.9		0.5		0.3			200 100 0			2000.0		100.0		0.9			31 31 31			3 3 3			19 40 52 240			254 12 23 32			254 31 20 10			0	120	0	1.00		
// 6 AM
	32 32 32 			188 188 188 			255 255 255 			0 31 65 			173 149 120 			255 128 0 			102 78 53 			0.1		0.1		0.1			140 100 0			2100.0		66.0		0.8			0 0 0			232 142 104			178 160 160 200			254 0 0 0			254 73 69 64			0	120	0	1.00		
// 7 AM
	0 0 0 			149 150 154 			255 255 255 			52 74 119 			109 152 196 			255 255 255 			77 77 77 			0.1		0.9		0.1			100 50 0			2400.0		66.0		15.2			73 73 73			192 192 192			145 170 170 240			254 82 81 76			254 0 0 0			255	216	0	1.00		
// Midday
	41 41 41 			73 75 77 			255 255 255 			55 90 120 			108 151 186 			255 255 255 			74 74 74 			0.1		0.9		0.1			150 0 150			2500.0		66.0		15.7			0 0 0			192 192 192			90 170 170 240			254 0 0 0			254 35 35 35			0	120	0	1.00		
// 7 PM
	27 27 27 			94 97 99 			255 255 255 			92 139 180 			139 179 214 			255 255 255 			30 30 30 			0.1		0.9		0.1			110 40 0			2400.0		66.0		14.8			0 0 0			168 169 170			103 95 87 240			254 0 0 0			254 0 0 0			0	120	0	1.00		
// 8 PM
	66 66 66 			109 109 109 			255 255 255 			42 57 124 			213 138 104 			255 128 0 			165 0 0 			1.9		0.6		0.3			100 60 0			2400.0		66.0		0.9			255 128 64			0 0 64			67 67 67 240			254 73 67 44			254 0 0 0			0	120	0	1.00		
// 10 PM
	13 13 30 			141 141 141 			255 255 255 			0 12 42 			79 55 42 			0 0 0 			5 8 0 			0.9		0.5		0.5			160 100 0			2100.0		66.0		0.9			0 0 0			0 0 0			44 73 96 240			254 124 124 124			254 45 47 23			0	112	0	1.00		
//
///////////////////////////////////////////OБЛAЧНAЯ SF 
//
// Midnight
//	Amb					Amb_Obj 				Dir 					Sky top				Sky bot				SunCore			SunCorona			SunSz		SprSz	SprBght		Shdw			LightShd			PoleShd			FarClp			FogSt			LightOnGround			LowCloudsRGB			BottomCloudRGB			WaterRGBA			Alpha1    RGB1			Alpha2    RGB2			CloudAlpha			IntensityLimit			WaterFogAlpha			DirMult 
	70 70 101 			82 82 121 			255 255 255 			14 14 14 			21 21 21 			10 10 0 			10 0 0 			0.9		0.9		0.1			200 100 0			2000.0		-22.0		3.0			229 243 255			23 28 30			55 55 66 240			254 20 35 50			254 22 51 51			255	0	6	1.00		
// 5 AM
	0 0 0 			108 108 101 			255 255 255 			14 14 14 			14 14 14 			10 10 0 			2 2 2 			-0.1		0.9		0.9			200 100 0			2000.0		4.0		0.9			70 27 10			23 28 30			55 55 66 240			254 30 65 77			254 0 0 0			155	0	0	1.00		
// 6 AM
	41 41 41 			113 113 113 			255 255 255 			78 85 85 			111 121 123 			10 10 0 			106 106 106 			0.1		0.8		0.5			200 100 0			2000.0		40.0		0.8			174 225 255			101 123 131			77 77 88 240			254 0 0 0			254 25 43 51			139	175	0	1.00		
// 7 AM
	0 0 0 			128 128 128 			255 255 255 			107 123 130 			173 201 210 			10 10 0 			80 80 80 			-0.1		0.7		0.8			200 50 0			2000.0		-22.0		0.5			120 40 40			46 58 61			77 77 88 240			254 0 0 0			254 5 9 20			155	0	0	1.00		
// Midday
	0 0 0 			81 81 81 			255 255 255 			101 118 122 			170 199 204 			10 10 0 			30 30 30 			0.1		0.5		0.1			80 0 120			2100.0		-22.0		0.3			120 100 100			92 116 123			125 125 125 240			254 0 0 0			254 0 0 0			155	0	0	1.00		
// 7 PM
	0 1 1 			123 123 123 			255 255 255 			108 125 131 			145 168 176 			10 10 0 			52 52 52 			0.1		0.9		0.9			80 0 0			2000.0		-22.0		0.8			120 100 100			46 58 61			123 128 134 240			254 2 2 2			254 0 0 0			155	0	0	1.00		
// 8 PM
	0 0 0 			67 67 67 			255 255 255 			54 63 66 			106 125 129 			10 10 0 			10 0 0 			1.9		0.9		0.9			80 50 0			2000.0		-22.0		0.9			120 100 100			46 58 61			122 126 134 240			254 79 79 79			254 0 0 0			155	0	0	1.00		
// 10 PM
	30 30 30 			108 108 108 			255 255 255 			29 33 34 			26 31 31 			10 10 0 			10 0 0 			0.9		0.9		0.9			200 100 0			2000.0		-22.0		0.9			70 70 70			30 30 30			77 77 88 240			254 64 69 67			254 48 48 48			155	0	0	1.00		
//
///////////////////////////////////////////ДOЖДЛИВAЯ SF 
//
// Midnight
//	Amb					Amb_Obj 				Dir 					Sky top				Sky bot				SunCore			SunCorona			SunSz		SprSz	SprBght		Shdw			LightShd			PoleShd			FarClp			FogSt			LightOnGround			LowCloudsRGB			BottomCloudRGB			WaterRGBA			Alpha1    RGB1			Alpha2    RGB2			CloudAlpha			IntensityLimit			WaterFogAlpha			DirMult 
	0 0 0 			103 132 151 			255 255 255 			10 10 10 			20 20 20 			0 0 0 			0 0 0 			0.9		0.9		0.3			200 100 0			1500.0		5.0		0.9			255 0 254			0 0 0			59 68 77 240			254 29 29 29			254 14 14 14			155	0	0	1.00		
// 5 AM
	20 30 30 			135 173 197 			255 255 255 			10 10 10 			20 20 20 			0 0 0 			0 0 0 			-0.1		0.9		0.6			200 100 0			1500.0		5.0		0.9			70 27 10			0 0 0			59 68 77 240			254 34 34 34			254 0 48 20			155	0	0	1.00		
// 6 AM
	32 32 32 			173 184 191 			255 255 255 			75 75 75 			106 106 106 			0 0 0 			71 71 71 			0.1		0.8		0.3			200 100 0			1500.0		5.0		0.8			100 34 25			0 0 0			62 72 77 240			254 52 52 52			254 0 0 0			155	0	100	1.00		
// 7 AM
	0 0 0 			87 112 128 			255 255 255 			126 126 126 			192 192 192 			0 0 0 			79 79 79 			0.1		0.7		0.3			80 80 0			1700.0		5.0		0.8			120 40 40			0 0 0			107 117 122 240			254 0 0 0			254 0 0 0			155	0	0	1.00		
// Midday
	51 51 51 			186 186 186 			255 255 255 			151 151 151 			195 195 195 			0 0 0 			75 75 75 			0.1		0.5		0.1			80 50 120			1700.0		5.0		0.7			120 100 100			0 0 0			141 141 140 240			254 0 0 0			254 0 0 0			155	0	0	0.00		
// 7 PM
	10 10 10 			126 129 131 			255 255 255 			128 128 128 			182 182 182 			0 0 0 			0 0 0 			-0.1		0.9		0.5			80 50 0			1700.0		5.0		0.8			120 40 40			0 0 0			116 135 144 240			254 0 0 0			254 0 0 0			155	0	0	1.00		
// 8 PM
	0 0 0 			26 26 26 			255 255 255 			80 80 80 			105 105 105 			0 0 0 			255 88 0 			1.9		0.9		0.9			80 80 0			1500.0		-109.0		0.9			120 40 40			0 0 0			132 176 189 240			254 0 0 0			254 0 39 13			155	0	0	1.00		
// 10 PM
	0 0 0 			113 134 151 			255 255 255 			14 14 14 			19 19 19 			0 0 0 			0 0 0 			0.9		0.9		0.9			200 100 0			1500.0		5.0		0.9			70 27 10			0 0 0			161 176 189 240			254 24 24 24			254 0 30 12			155	0	0	1.00		
//
///////////////////////////////////////////ТYМAННAЯ SF 
//
// Midnight
//	Amb					Amb_Obj 				Dir 					Sky top				Sky bot				SunCore			SunCorona			SunSz		SprSz	SprBght		Shdw			LightShd			PoleShd			FarClp			FogSt			LightOnGround			LowCloudsRGB			BottomCloudRGB			WaterRGBA			Alpha1    RGB1			Alpha2    RGB2			CloudAlpha			IntensityLimit			WaterFogAlpha			DirMult 
	35 35 35 			158 158 158 			255 255 255 			2 2 2 			10 10 10 			10 10 0 			10 0 0 			0.9		0.9		0.9			60 51 0			300.0		-25.0		0.9			30 20 0			0 0 0			120 120 125 240			254 0 0 0			254 34 49 71			0	120	0	1.00		
// 5 AM
	12 12 12 			110 141 141 			255 255 255 			4 4 4 			20 10 6 			10 10 0 			0 0 0 			-0.1		0.9		0.8			60 50 0			65.0		-200.0		0.9			70 27 10			0 0 0			120 120 125 240			254 49 49 49			254 0 0 0			0	120	0	1.00		
// 6 AM
	41 41 41 			209 209 209 			255 255 255 			37 43 47 			99 118 127 			0 0 0 			51 51 51 			-0.1		0.1		0.1			60 50 0			241.0		7.0		0.8			0 0 0			0 0 0			128 128 125 240			254 23 23 23			254 0 0 0			0	120	100	1.00		
// 7 AM
	0 0 0 			125 125 125 			255 255 255 			131 132 138 			99 121 128 			0 0 0 			79 79 79 			-0.1		0.7		0.7			60 50 0			2500.0		-10.0		0.6			0 0 0			255 255 255			128 128 125 240			254 10 18 38			254 0 0 0			0	120	0	1.00		
// Midday
	0 0 0 			153 153 153 			255 255 255 			110 115 132 			146 150 154 			10 10 0 			57 57 57 			-0.1		0.5		0.3			60 50 60			2500.0		-10.0		0.3			0 0 0			0 0 0			128 128 128 240			254 29 60 60			254 0 0 0			0	120	0	0.00		
// 7 PM
	0 0 0 			64 64 64 			255 255 255 			123 125 138 			122 137 151 			10 10 0 			0 0 0 			0.1		0.9		0.3			60 50 0			2500.0		-10.0		0.8			0 0 0			0 0 0			64 61 47 240			254 20 15 14			254 0 0 0			0	111	0	1.00		
// 8 PM
	0 0 0 			141 141 141 			255 255 255 			87 87 87 			145 145 145 			10 10 0 			10 0 0 			1.9		0.9		0.9			60 50 0			370.0		-10.0		0.9			109 36 36			2 2 2			64 61 47 240			254 0 0 0			254 0 0 0			0	120	0	1.00		
// 10 PM
	33 33 33 			141 141 141 			255 255 255 			39 39 39 			38 38 38 			10 10 0 			10 0 0 			0.9		0.9		0.7			60 50 0			340.0		-10.0		0.9			70 27 10			0 0 0			64 61 47 240			254 120 120 120			254 30 30 32			0	120	0	1.00		
//
///////////////////////////////////////////COЛНEЧНAЯ VEGAS 
//
// Midnight
//	Amb					Amb_Obj 				Dir 					Sky top				Sky bot				SunCore			SunCorona			SunSz		SprSz	SprBght		Shdw			LightShd			PoleShd			FarClp			FogSt			LightOnGround			LowCloudsRGB			BottomCloudRGB			WaterRGBA			Alpha1    RGB1			Alpha2    RGB2			CloudAlpha			IntensityLimit			WaterFogAlpha			DirMult 
	30 30 30 			83 96 103 			255 255 255 			8 10 9 			10 12 9 			0 0 0 			5 0 0 			0.9		0.5		0.5			200 208 0			1700.0		100.0		23.1			0 0 0			3 3 3			38 38 55 240			254 27 5 91			254 0 0 0			122	0	0	1.00		
// 5 AM
	25 22 22 			97 113 120 			255 255 255 			38 23 19 			16 13 11 			0 0 0 			5 0 0 			0.9		0.3		0.8			200 208 0			1700.0		100.0		23.1			0 0 0			3 3 3			38 38 55 240			254 27 80 103			254 0 0 0			122	0	0	1.00		
// 6 AM
	32 32 32 			127 127 127 			255 255 255 			58 80 112 			187 126 90 			255 128 0 			78 58 39 			0.1		0.3		0.3			140 100 0			2000.0		100.0		0.1			0 0 0			255 175 95			185 160 160 240			254 28 28 28			254 1 1 0			122	0	0	1.00		
// 7 AM
	9 9 9 			101 115 126 			255 255 255 			43 78 106 			119 162 215 			255 255 255 			72 72 72 			0.1		0.1		0.1			100 50 0			2200.0		100.0		0.5			0 0 0			152 180 224			145 170 170 240			254 26 26 27			254 28 28 28			122	0	0	1.00		
// Midday
	0 0 0 			121 121 121 			255 255 255 			61 89 149 			96 115 152 			255 255 255 			73 73 73 			0.1		0.1		0.3			150 0 150			2200.0		10.0		0.9			0 0 0			152 180 224			90 170 170 240			254 0 0 0			254 41 29 20			122	88	0	1.00		
// 7 PM
	48 48 48 			48 47 48 			255 255 255 			61 94 129 			129 166 202 			255 255 255 			73 73 73 			3.5		0.1		0.9			110 40 0			2200.0		10.0		0.8			0 0 0			152 180 224			153 95 87 240			254 20 9 0			254 5 13 23			122	0	0	1.00		
// 8 PM
	0 0 0 			37 34 34 			255 255 255 			58 48 67 			255 180 141 			255 128 64 			255 128 64 			4.0		0.9		0.1			150 0 150			2000.0		65.0		0.9			255 128 64			128 128 192			90 170 170 240			254 0 0 0			254 0 0 0			105	120	0	1.00		
// 10 PM
	12 6 12 			138 138 138 			255 255 255 			14 5 14 			40 26 47 			0 0 0 			5 8 0 			0.9		0.3		0.6			160 100 0			1700.0		10.0		0.9			81 47 13			0 0 0			67 67 62 240			254 124 124 124			254 34 27 0			122	0	0	1.00		
//
///////////////////////////////////////////ЭKCТPACOЛНEЧНAЯ VEGAS 
//
// Midnight
//	Amb					Amb_Obj 				Dir 					Sky top				Sky bot				SunCore			SunCorona			SunSz		SprSz	SprBght		Shdw			LightShd			PoleShd			FarClp			FogSt			LightOnGround			LowCloudsRGB			BottomCloudRGB			WaterRGBA			Alpha1    RGB1			Alpha2    RGB2			CloudAlpha			IntensityLimit			WaterFogAlpha			DirMult 
	45 45 45 			128 150 160 			255 255 255 			4 8 15 			4 7 14 			0 0 0 			5 0 0 			0.9		0.5		0.3			200 208 0			1700.0		200.0		0.5			30 20 0			3 3 3			38 38 55 240			254 0 0 0			254 0 0 0			0	30	0	1.00		
// 5 AM
	22 22 22 			97 113 120 			255 255 255 			12 5 12 			40 26 47 			0 0 0 			5 0 0 			0.9		0.3		0.7			200 208 0			1700.0		200.0		23.1			30 20 0			3 3 3			38 38 55 240			254 6 20 26			254 52 39 24			0	30	0	1.00		
// 6 AM
	0 0 0 			130 130 130 			255 255 255 			24 29 54 			113 78 64 			193 137 82 			63 56 50 			-0.1		0.9		0.3			140 100 0			2000.0		0.0		0.8			0 0 0			255 175 164			185 160 160 240			254 56 56 56			254 2 1 0			0	90	0	1.00		
// 7 AM
	0 0 0 			95 95 95 			255 255 255 			66 90 154 			130 157 217 			255 255 255 			78 78 78 			0.1		0.9		25.1			100 50 0			2200.0		0.0		0.5			0 0 0			152 180 224			145 170 170 240			254 0 0 0			254 66 67 53			0	90	0	1.00		
// Midday
	21 21 21 			100 100 100 			255 255 255 			59 79 125 			86 104 150 			255 255 255 			38 38 38 			0.1		0.9		-0.1			150 0 150			2200.0		10.0		0.9			0 0 0			152 180 224			90 170 170 240			254 0 0 0			254 28 24 7			0	90	0	1.00		
// 7 PM
	35 35 35 			0 0 0 			255 255 255 			77 116 157 			108 145 181 			191 191 191 			78 78 78 			2.5		0.3		0.3			110 40 0			2200.0		10.0		0.8			0 0 0			152 180 224			143 121 87 240			254 28 20 13			254 21 28 10			0	90	0	1.00		
// 8 PM
	0 0 0 			203 188 188 			255 255 255 			57 46 67 			188 141 113 			255 128 64 			255 128 64 			4.0		0.9		0.1			150 0 150			2000.0		65.0		0.9			255 128 64			128 128 192			90 170 170 240			254 48 8 8			254 0 0 0			105	120	0	1.00		
// 10 PM
	22 22 23 			163 163 163 			255 255 255 			12 5 12 			40 26 47 			0 0 0 			5 8 0 			0.9		0.5		0.7			160 100 0			1700.0		200.0		0.9			81 47 13			12 5 12			71 46 53 240			254 77 77 77			254 53 53 53			0	30	0	1.00		
//
///////////////////////////////////////////OБЛAЧНAЯ VEGAS 
//
// Midnight
//	Amb					Amb_Obj 				Dir 					Sky top				Sky bot				SunCore			SunCorona			SunSz		SprSz	SprBght		Shdw			LightShd			PoleShd			FarClp			FogSt			LightOnGround			LowCloudsRGB			BottomCloudRGB			WaterRGBA			Alpha1    RGB1			Alpha2    RGB2			CloudAlpha			IntensityLimit			WaterFogAlpha			DirMult 
	51 51 51 			151 151 151 			255 255 255 			6 8 8 			8 8 8 			0 0 0 			0 0 0 			-0.1		0.9		0.6			200 100 0			1000.0		100.0		0.3			30 20 0			3 3 3			38 38 55 240			254 0 0 0			254 0 0 0			44	0	0	1.00		
// 5 AM
	15 30 45 			163 163 163 			255 255 255 			4 6 8 			6 10 13 			0 0 0 			0 0 0 			-0.1		0.9		0.9			150 100 0			1000.0		100.0		0.9			70 27 10			50 43 36			53 62 68 240			254 12 23 23			254 0 0 0			44	0	0	1.00		
// 6 AM
	60 60 60 			156 156 156 			255 255 255 			54 52 51 			124 123 120 			0 0 0 			86 86 86 			-0.1		0.9		0.8			140 100 0			1000.0		100.0		0.8			100 34 25			120 92 88			185 160 160 240			254 19 33 38			254 0 0 0			122	0	0	1.00		
// 7 AM
	89 89 89 			157 157 157 			255 255 255 			115 126 136 			135 142 127 			0 0 0 			76 76 76 			-0.1		0.9		0.8			100 50 0			1000.0		100.0		0.5			120 40 40			159 142 106			145 170 170 240			254 0 0 0			254 39 35 21			122	0	0	0.00		
// Midday
	0 0 0 			131 131 131 			255 255 255 			153 153 151 			169 166 164 			0 0 0 			78 78 78 			-0.1		0.9		0.3			150 0 150			1000.0		10.0		0.9			120 100 100			88 88 88			135 255 255 240			254 0 0 0			254 0 0 0			122	0	0	1.00		
// 7 PM
	22 22 22 			101 87 87 			255 255 255 			144 144 144 			155 155 155 			0 0 0 			79 79 79 			-0.1		0.9		0.9			110 40 0			1000.0		10.0		0.8			120 40 40			88 88 88			153 95 87 240			254 0 0 0			254 0 0 0			122	0	0	1.00		
// 8 PM
	2 2 13 			63 63 63 			255 255 255 			88 88 88 			88 88 88 			0 0 0 			0 0 0 			-0.1		0.9		0.9			100 60 0			1000.0		10.0		0.9			120 52 79			88 88 88			67 67 67 240			254 0 0 0			254 0 0 0			122	0	0	1.00		
// 10 PM
	0 34 60 			163 163 163 			255 255 255 			16 16 32 			44 55 73 			0 0 8 			0 0 0 			-0.1		0.9		0.1			160 100 0			1000.0		10.0		0.9			70 27 10			0 0 0			67 67 62 240			254 13 13 13			254 0 0 0			44	0	0	1.00		
//
///////////////////////////////////////////ЭKCТPACOЛНEЧНAЯ ЗAГOPOДНAЯ 
//
// Midnight
//	Amb					Amb_Obj 				Dir 					Sky top				Sky bot				SunCore			SunCorona			SunSz		SprSz	SprBght		Shdw			LightShd			PoleShd			FarClp			FogSt			LightOnGround			LowCloudsRGB			BottomCloudRGB			WaterRGBA			Alpha1    RGB1			Alpha2    RGB2			CloudAlpha			IntensityLimit			WaterFogAlpha			DirMult 
	33 33 12 			178 178 178 			255 255 255 			7 7 7 			11 11 11 			0 0 0 			5 0 0 			0.9		0.5		0.3			200 100 0			1500.0		100.0		0.9			0 0 0			3 3 3			53 62 68 240			254 0 0 0			254 31 47 52			44	120	0	1.00		
// 5 AM
	0 0 0 			145 145 145 			255 255 255 			23 27 40 			88 93 116 			0 0 0 			105 81 57 			0.9		0.5		0.9			200 100 0			1500.0		100.0		0.9			0 0 0			3 3 3			53 62 68 240			254 25 28 23			254 4 21 27			44	120	0	1.00		
// 6 AM
	30 30 31 			187 187 187 			255 255 255 			7 17 26 			139 109 76 			255 128 0 			121 109 93 			0.1		0.3		0.5			140 100 0			1900.0		100.0		0.8			145 0 0			255 128 64			185 160 160 240			254 85 66 52			254 0 0 0			75	120	0	1.00		
// 7 AM
	4 4 4 			122 122 122 			255 255 255 			46 87 129 			121 161 202 			255 255 255 			77 77 77 			0.1		0.3		0.3			100 50 0			2000.0		5.0		0.5			255 128 64			255 255 255			145 170 170 240			254 51 41 32			254 0 0 0			81	120	0	1.00		
// Midday
	51 43 31 			135 135 135 			255 255 255 			69 122 170 			157 172 196 			255 242 242 			81 81 81 			4.0		0.9		0.1			150 0 150			2000.0		65.0		0.9			255 128 64			150 150 150			90 170 170 240			254 0 0 0			254 0 0 0			105	120	0	1.00		
// 7 PM
	51 51 51 			58 58 58 			255 255 255 			64 124 185 			124 168 217 			255 255 255 			22 22 22 			4.0		0.5		0.6			110 40 0			2000.0		5.0		0.8			255 128 64			255 255 255			148 134 97 240			254 51 51 51			254 26 24 19			99	120	0	1.00		
// 8 PM
	2 2 0 			74 74 74 			255 255 255 			83 88 118 			110 129 156 			255 128 0 			155 0 0 			1.9		0.3		0.3			100 60 0			1800.0		10.0		0.9			0 0 0			128 128 192			67 67 67 240			254 0 0 0			254 0 0 0			62	120	0	1.00		
// 10 PM
	22 22 12 			163 163 163 			255 255 255 			0 0 0 			51 62 90 			0 0 0 			5 8 0 			0.9		0.3		0.6			160 100 0			1500.0		10.0		0.9			0 0 0			0 0 0			67 67 62 240			254 62 62 124			254 132 80 40			44	120	0	1.00		
//
///////////////////////////////////////////COЛНEЧНAЯ ЗAГOPOДНAЯ 
//
// Midnight
//	Amb					Amb_Obj 				Dir 					Sky top				Sky bot				SunCore			SunCorona			SunSz		SprSz	SprBght		Shdw			LightShd			PoleShd			FarClp			FogSt			LightOnGround			LowCloudsRGB			BottomCloudRGB			WaterRGBA			Alpha1    RGB1			Alpha2    RGB2			CloudAlpha			IntensityLimit			WaterFogAlpha			DirMult 
	43 43 43 			153 153 153 			255 255 255 			9 9 11 			10 8 8 			0 0 0 			5 0 0 			0.9		0.5		0.9			200 100 0			1500.0		100.0		0.9			0 0 0			3 3 3			53 62 68 240			254 28 38 55			254 0 0 0			44	120	0	1.00		
// 5 AM
	30 30 30 			127 127 127 			255 255 255 			30 30 30 			80 84 106 			0 0 0 			25 25 25 			0.9		0.5		0.6			200 100 0			1500.0		100.0		0.9			0 0 0			3 3 3			53 62 68 240			254 20 20 20			254 7 40 51			44	120	0	1.00		
// 6 AM
	78 78 78 			149 123 95 			255 255 255 			15 26 62 			202 96 64 			255 128 0 			83 68 64 			-0.1		0.3		0.1			140 100 0			1900.0		100.0		0.8			145 33 0			255 128 64			0 45 94 240			254 27 22 13			254 0 0 0			75	120	0	1.00		
// 7 AM
	0 0 0 			103 103 103 			255 255 255 			50 87 127 			113 167 218 			255 255 255 			75 75 75 			-0.1		0.3		0.3			100 50 0			2000.0		5.0		0.5			255 128 64			255 255 255			145 170 170 240			254 30 23 15			254 39 32 30			81	120	0	1.00		
// Midday
	56 50 43 			122 122 122 			255 255 255 			58 93 132 			132 174 214 			255 255 255 			73 73 73 			0.1		0.9		0.1			150 0 150			2000.0		65.0		0.9			255 128 64			255 255 255			90 170 170 240			254 29 29 15			254 0 0 0			105	120	0	1.00		
// 7 PM
	0 0 0 			61 61 61 			255 255 255 			61 82 115 			116 152 209 			255 255 255 			0 0 0 			0.1		0.5		0.6			110 40 0			2000.0		5.0		0.8			255 128 64			255 255 255			148 134 97 240			254 19 12 12			254 5 4 1			99	120	0	1.00		
// 8 PM
	0 0 0 			55 55 55 			255 255 255 			77 77 108 			205 163 115 			255 128 0 			155 0 0 			1.9		0.3		0.3			100 60 0			1800.0		10.0		0.9			0 0 0			128 128 192			67 67 67 240			254 0 0 0			254 0 0 0			62	120	0	1.00		
// 10 PM
	33 33 33 			163 163 163 			255 255 255 			11 12 15 			64 70 85 			0 0 0 			5 8 0 			0.9		0.3		0.6			160 100 0			1500.0		10.0		0.9			0 0 0			0 0 0			67 67 62 240			254 7 37 75			254 47 28 14			44	120	0	1.00		
//
///////////////////////////////////////////ВEТPEННAЯ ЗAГOPOДНAЯ 
//
// Midnight
//	Amb					Amb_Obj 				Dir 					Sky top				Sky bot				SunCore			SunCorona			SunSz		SprSz	SprBght		Shdw			LightShd			PoleShd			FarClp			FogSt			LightOnGround			LowCloudsRGB			BottomCloudRGB			WaterRGBA			Alpha1    RGB1			Alpha2    RGB2			CloudAlpha			IntensityLimit			WaterFogAlpha			DirMult 
	38 38 38 			182 182 182 			255 255 255 			0 9 9 			0 6 9 			0 0 0 			0 0 0 			0.9		0.3		0.8			200 100 0			1150.0		-22.0		0.9			30 20 0			23 28 30			32 43 66 240			254 43 57 71			254 0 0 0			122	0	0	1.00		
// 5 AM
	2 13 25 			81 81 81 			255 255 255 			0 0 0 			49 49 49 			0 0 0 			51 51 51 			0.9		0.3		0.8			200 100 0			1150.0		-22.0		0.9			70 27 10			23 28 30			26 58 66 240			254 48 169 207			254 2 2 2			122	0	0	1.00		
// 6 AM
	29 29 29 			128 119 114 			255 255 255 			46 52 54 			142 124 98 			0 0 0 			73 73 73 			0.1		0.3		0.3			200 100 0			1150.0		-22.0		0.8			100 34 25			102 96 101			42 77 88 240			254 26 43 53			254 0 0 0			149	255	0	1.00		
// 7 AM
	71 71 71 			179 165 159 			255 255 255 			103 119 128 			108 127 133 			0 0 0 			78 78 78 			-0.1		0.3		0.1			200 50 0			1150.0		-22.0		0.5			120 40 40			46 58 61			52 77 88 240			254 0 0 0			254 45 45 45			122	0	0	0.00		
// Midday
	7 19 19 			139 139 135 			255 255 255 			111 129 135 			156 179 189 			0 0 0 			77 77 77 			1.9		0.3		0.3			80 0 120			1150.0		-22.0		0.3			120 100 100			92 116 123			97 125 125 240			254 8 8 8			254 0 0 0			122	0	0	1.00		
// 7 PM
	0 5 5 			34 31 30 			255 255 255 			67 62 54 			77 73 73 			0 0 0 			76 76 76 			3.5		0.3		0.3			80 0 0			1150.0		-22.0		0.8			63 57 57			104 104 104			102 128 134 240			254 17 17 17			254 22 22 22			255	196	0	1.00		
// 8 PM
	89 88 90 			190 176 169 			255 255 255 			70 70 78 			57 67 82 			0 0 0 			0 0 0 			1.9		0.1		0.9			80 50 0			1150.0		-22.0		0.9			120 100 100			46 58 61			105 126 134 240			254 5 6 12			254 0 0 0			122	0	0	1.00		
// 10 PM
	5 22 33 			190 176 169 			255 255 255 			7 9 9 			1 24 32 			0 0 0 			0 0 0 			0.9		0.1		0.9			200 100 0			1150.0		-22.0		0.9			70 27 10			23 28 30			41 77 74 240			254 65 65 65			254 4 4 4			122	0	0	1.00		
//
///////////////////////////////////////////ДOЖДЛИВAЯ ЗAГOPOДНAЯ 
//
// Midnight
//	Amb					Amb_Obj 				Dir 					Sky top				Sky bot				SunCore			SunCorona			SunSz		SprSz	SprBght		Shdw			LightShd			PoleShd			FarClp			FogSt			LightOnGround			LowCloudsRGB			BottomCloudRGB			WaterRGBA			Alpha1    RGB1			Alpha2    RGB2			CloudAlpha			IntensityLimit			WaterFogAlpha			DirMult 
	21 21 39 			135 173 197 			255 255 255 			14 14 14 			14 14 14 			0 0 0 			0 0 0 			0.9		0.9		0.8			200 100 0			650.0		155.0		0.9			30 20 0			0 0 0			58 115 150 240			254 14 24 36			254 0 15 4			90	55	0	1.00		
// 5 AM
	35 35 35 			86 110 125 			255 255 255 			16 16 16 			79 79 79 			0 0 0 			0 0 0 			0.9		0.9		0.7			200 100 0			650.0		5.0		0.9			70 27 10			0 0 0			59 68 77 240			254 40 28 23			254 12 37 18			90	120	0	1.00		
// 6 AM
	43 43 43 			93 119 135 			255 255 255 			62 80 80 			83 83 83 			0 0 0 			73 73 73 			-0.1		0.8		0.3			200 100 0			650.0		161.0		0.8			100 34 25			0 0 0			62 72 77 240			254 25 53 47			254 0 0 0			90	120	100	1.00		
// 7 AM
	0 0 0 			197 197 197 			255 255 255 			104 104 104 			129 129 129 			0 0 0 			30 30 30 			-0.1		0.7		0.5			80 80 0			650.0		5.0		0.8			120 40 40			0 0 0			107 117 122 240			254 42 32 42			254 4 19 6			90	120	0	1.00		
// Midday
	0 0 0 			186 186 186 			255 255 255 			128 128 128 			151 151 151 			0 0 0 			79 79 79 			0.9		0.5		0.7			80 50 120			650.0		5.0		0.7			120 100 100			0 0 0			141 141 140 240			254 0 0 0			254 26 26 26			90	120	0	0.00		
// 7 PM
	21 21 21 			135 173 193 			255 255 255 			130 130 130 			131 131 131 			0 0 0 			76 76 76 			3.5		0.8		0.8			80 50 0			650.0		5.0		0.8			120 40 40			0 0 0			116 135 144 240			254 22 33 32			254 38 42 22			90	120	0	1.00		
// 8 PM
	51 51 51 			136 155 155 			255 255 255 			31 31 31 			47 47 47 			0 0 0 			0 0 0 			-0.1		0.1		0.9			80 50 0			1150.0		-22.0		0.9			120 100 100			46 58 61			105 126 134 240			254 50 50 50			254 4 4 4			122	0	0	1.00		
// 10 PM
	0 0 0 			124 148 166 			255 255 255 			40 40 40 			50 50 50 			0 0 0 			0 0 0 			0.9		0.1		0.5			200 100 0			650.0		188.0		0.9			70 27 10			0 0 0			80 105 144 240			254 38 64 98			254 0 55 20			90	120	0	1.00		
//
///////////////////////////////////////////ЭKCТPA COЛНEЧНAЯ ПYCТЫНЯ 
//
// Midnight
//	Amb					Amb_Obj 				Dir 					Sky top				Sky bot				SunCore			SunCorona			SunSz		SprSz	SprBght		Shdw			LightShd			PoleShd			FarClp			FogSt			LightOnGround			LowCloudsRGB			BottomCloudRGB			WaterRGBA			Alpha1    RGB1			Alpha2    RGB2			CloudAlpha			IntensityLimit			WaterFogAlpha			DirMult 
	5 5 11 			163 163 163 			255 255 255 			7 11 18 			9 9 10 			0 0 0 			5 0 0 			0.9		0.1		0.3			200 100 0			1500.0		100.0		0.9			30 20 0			3 3 3			38 38 55 240			254 30 40 51			254 48 48 48			31	118	0	0.00		
// 5 AM
	48 48 59 			145 145 145 			255 255 255 			31 120 142 			186 102 163 			0 0 0 			51 51 51 			0.9		0.3		0.3			200 100 0			1500.0		100.0		0.9			30 20 0			3 3 3			38 38 55 240			254 26 37 45			254 0 0 0			31	118	0	1.00		
// 6 AM
	72 72 72 			137 137 137 			255 255 255 			24 47 65 			255 156 106 			255 128 0 			75 75 75 			0.1		0.9		0.1			140 100 0			1700.0		100.0		0.8			255 128 128			255 161 135			159 138 120 240			254 0 0 0			254 51 39 25			223	255	0	1.00		
// 7 AM
	4 4 4 			188 188 188 			255 255 255 			54 86 132 			71 94 130 			124 124 124 			72 72 72 			0.1		0.9		0.1			100 50 0			1700.0		100.0		0.5			0 0 0			255 255 255			145 170 170 240			254 0 0 0			254 67 60 54			0	188	0	0.00		
// Midday
	24 23 20 			144 144 144 			255 255 255 			94 128 180 			122 163 224 			255 255 255 			73 73 73 			2.5		0.9		-0.1			150 0 150			1700.0		111.0		0.9			0 0 0			255 255 255			126 170 140 240			254 13 13 13			254 12 7 0			0	122	0	1.00		
// 7 PM
	71 34 34 			201 201 201 			255 255 255 			60 112 164 			110 149 183 			255 255 255 			76 76 76 			7.5		0.9		0.6			110 40 0			1700.0		10.0		0.8			0 0 0			255 255 255			139 112 87 240			254 0 0 0			254 20 13 5			0	188	0	1.00		
// 8 PM
	74 74 74 			137 137 137 			255 255 255 			6 29 76 			193 152 103 			255 128 0 			155 0 0 			1.9		0.1		0.9			100 60 0			2000.0		10.0		0.9			0 0 0			85 50 36			67 67 67 240			254 73 6 0			254 51 51 51			122	0	0	1.00		
// 10 PM
	5 5 11 			163 163 163 			255 255 255 			7 11 18 			9 81 73 			0 0 0 			5 8 0 			0.9		0.5		0.6			160 100 0			1500.0		10.0		0.9			70 27 10			0 0 0			67 67 62 240			254 84 109 124			254 34 17 77			40	103	0	1.00		
//
///////////////////////////////////////////COЛНEЧНAЯ ПYCТЫНЯ 
//
// Midnight
//	Amb					Amb_Obj 				Dir 					Sky top				Sky bot				SunCore			SunCorona			SunSz		SprSz	SprBght		Shdw			LightShd			PoleShd			FarClp			FogSt			LightOnGround			LowCloudsRGB			BottomCloudRGB			WaterRGBA			Alpha1    RGB1			Alpha2    RGB2			CloudAlpha			IntensityLimit			WaterFogAlpha			DirMult 
	14 14 14 			163 163 163 			255 255 255 			2 3 5 			6 8 8 			0 0 0 			5 0 0 			0.9		0.3		0.9			200 100 0			1500.0		100.0		0.9			30 20 0			3 3 3			38 38 55 240			254 97 101 107			254 26 34 77			55	143	0	0.00		
// 5 AM
	35 35 35 			109 109 109 			255 255 255 			24 43 81 			135 87 60 			0 0 0 			5 0 0 			0.9		0.3		0.9			200 100 0			1500.0		100.0		0.9			30 20 0			3 3 3			38 38 55 240			254 71 93 120			254 1 0 2			55	143	0	1.00		
// 6 AM
	55 55 55 			130 130 130 			255 255 255 			20 86 128 			207 120 117 			255 128 0 			35 29 21 			0.1		0.9		0.1			140 100 0			1700.0		100.0		0.8			247 193 9			120 92 88			159 138 120 240			254 26 26 26			254 29 15 0			100	69	0	1.00		
// 7 AM
	91 91 91 			167 167 167 			255 255 255 			84 120 174 			84 118 173 			255 255 255 			81 81 81 			-0.1		0.9		0.1			100 50 0			1700.0		100.0		0.5			0 0 0			255 255 255			145 170 170 240			254 0 0 0			254 50 38 29			55	188	0	0.00		
// Midday
	0 0 0 			133 133 133 			255 255 255 			49 76 115 			103 128 168 			255 255 255 			63 63 63 			2.5		0.9		-0.1			150 0 150			1700.0		111.0		0.9			0 0 0			255 255 255			126 170 140 240			254 25 25 25			254 90 90 90			33	122	0	1.00		
// 7 PM
	70 59 53 			164 118 108 			255 255 255 			59 86 146 			124 170 205 			255 255 255 			78 71 68 			7.5		0.9		0.6			110 40 0			1700.0		10.0		0.8			0 0 0			255 255 255			139 112 87 240			254 10 5 6			254 46 22 13			55	188	0	1.00		
// 8 PM
	51 30 24 			178 178 178 			255 255 255 			113 63 46 			206 146 103 			170 124 78 			155 0 0 			1.9		0.5		0.6			100 60 0			2000.0		10.0		0.9			0 0 0			85 50 36			67 67 67 240			254 74 38 23			254 38 31 28			0	90	0	1.00		
// 10 PM
	10 10 10 			163 163 163 			255 255 255 			7 11 18 			9 81 73 			0 0 0 			5 8 0 			0.9		0.5		0.6			160 100 0			1500.0		10.0		0.9			70 27 10			0 0 0			67 67 62 240			254 84 109 124			254 34 17 77			55	115	0	0.00		
//
///////////////////////////////////////////БYPЯ в ПYCТЫНЕ 
//
// Midnight
//	Amb					Amb_Obj 				Dir 					Sky top				Sky bot				SunCore			SunCorona			SunSz		SprSz	SprBght		Shdw			LightShd			PoleShd			FarClp			FogSt			LightOnGround			LowCloudsRGB			BottomCloudRGB			WaterRGBA			Alpha1    RGB1			Alpha2    RGB2			CloudAlpha			IntensityLimit			WaterFogAlpha			DirMult 
	21 21 21 			137 137 137 			255 255 255 			26 26 26 			34 34 34 			255 255 0 			5 0 0 			0.9		0.9		0.9			50 100 0			150.0		-111.0		0.9			30 20 0			3 3 3			38 38 55 240			254 64 64 64			254 56 38 0			0	12	0	0.00		
// 5 AM
	21 21 21 			137 137 137 			255 255 255 			105 102 82 			105 102 82 			255 128 0 			255 0 0 			-0.1		0.9		0.9			50 100 0			150.0		-111.0		0.9			70 27 10			50 43 36			53 62 68 240			254 64 64 64			254 56 38 0			0	12	0	0.00		
// 6 AM
	21 21 21 			137 137 137 			255 255 255 			112 109 89 			112 109 89 			255 128 0 			89 75 62 			0.1		0.9		-0.1			50 100 0			150.0		0.0		0.8			100 34 25			120 92 88			185 160 160 192			254 0 0 0			254 0 0 0			0	12	0	1.00		
// 7 AM
	21 21 21 			137 137 137 			255 255 255 			120 117 96 			120 117 96 			0 0 0 			0 0 0 			-0.1		0.9		-0.1			50 50 0			150.0		-111.0		0.5			120 40 40			159 142 106			145 170 170 230			254 64 64 64			254 99 89 77			0	12	0	0.00		
// Midday
	11 11 11 			137 137 137 			255 255 255 			166 163 140 			166 163 140 			0 0 0 			0 0 0 			-0.1		0.9		-0.1			50 0 0			150.0		-111.0		0.9			120 100 100			180 255 255			45 90 90 240			254 64 44 33			254 99 99 77			0	44	0	0.00		
// 7 PM
	21 21 21 			137 137 137 			255 255 255 			97 94 78 			97 94 78 			255 128 0 			255 0 0 			-0.1		0.9		0.9			50 40 0			150.0		-111.0		0.8			120 40 40			200 123 96			98 95 87 240			254 64 64 64			254 99 99 99			0	255	0	0.00		
// 8 PM
	21 21 21 			137 137 137 			255 255 255 			87 84 69 			87 84 69 			255 128 0 			155 0 0 			1.9		0.9		0.9			50 60 0			150.0		-111.0		0.9			120 40 40			0 0 0			67 67 67 240			254 64 64 64			254 56 38 0			0	255	0	0.00		
// 10 PM
	21 21 21 			137 155 33 			255 255 255 			55 55 55 			55 55 55 			255 5 8 			5 8 0 			0.9		0.9		0.9			50 100 0			150.0		-111.0		0.9			70 27 10			0 0 0			67 67 62 240			254 64 64 64			254 56 38 0			0	0	0	0.00		
//
///////////////////////////////////////////ПOД ВOДOЙ 
//
// Midnight
//	Amb					Amb_Obj 				Dir 					Sky top				Sky bot				SunCore			SunCorona			SunSz		SprSz	SprBght		Shdw			LightShd			PoleShd			FarClp			FogSt			LightOnGround			LowCloudsRGB			BottomCloudRGB			WaterRGBA			Alpha1    RGB1			Alpha2    RGB2			CloudAlpha			IntensityLimit			WaterFogAlpha			DirMult 
	21 21 21 			135 173 197 			255 255 255 			10 10 10 			20 20 20 			0 0 0 			0 0 0 			0.9		0.9		0.9			200 100 0			300.0		5.0		0.9			30 20 0			0 0 0			59 68 77 192			254 104 136 83			254 24 76 16			255	0	0	0.00		
// 5 AM
	21 21 21 			135 173 197 			255 255 255 			10 10 10 			20 20 20 			0 0 0 			0 0 0 			-0.1		0.9		0.9			200 100 0			300.0		5.0		0.9			70 27 10			0 0 0			59 68 77 192			254 94 141 95			254 0 70 20			255	0	0	0.00		
// 6 AM
	21 21 21 			135 173 197 			255 255 255 			10 10 10 			20 20 20 			0 0 0 			0 0 0 			3.4		0.8		0.8			200 100 0			300.0		5.0		0.8			100 34 25			0 0 0			62 72 77 192			254 124 174 110			254 0 64 20			255	0	100	0.00		
// 7 AM
	21 21 21 			135 173 197 			255 255 255 			40 40 40 			50 50 50 			0 0 0 			0 0 0 			2.5		0.7		0.8			80 80 0			300.0		5.0		0.8			120 40 40			0 0 0			107 117 122 192			254 124 153 104			254 0 48 20			255	0	0	0.00		
// Midday
	21 21 21 			186 186 186 			255 255 255 			80 80 80 			70 70 70 			0 0 0 			0 0 0 			0.9		0.5		0.7			80 50 120			300.0		5.0		0.7			120 100 100			0 0 0			141 141 140 255			254 124 143 109			254 0 51 24			255	0	0	0.00		
// 7 PM
	21 21 21 			135 173 193 			255 255 255 			80 80 80 			70 70 70 			0 0 0 			0 0 0 			3.5		0.9		0.9			80 50 0			300.0		5.0		0.8			120 40 40			0 0 0			116 135 144 192			254 124 139 85			254 10 46 22			255	0	0	0.00		
// 8 PM
	21 21 21 			167 198 223 			255 255 255 			40 40 40 			70 70 70 			0 0 0 			0 0 0 			1.9		0.9		0.9			80 80 0			300.0		5.0		0.9			120 40 40			0 0 0			132 176 189 192			254 63 124 99			254 0 87 20			255	0	0	0.00		
// 10 PM
	21 21 21 			167 198 223 			255 255 255 			40 40 40 			50 50 50 			0 0 0 			0 0 0 			0.9		0.9		0.9			200 100 0			300.0		5.0		0.9			70 27 10			0 0 0			161 176 189 192			254 124 124 91			254 0 85 20			255	0	0	0.00		
//
///////////////////////////////////////////ДOП. ЦВEТA 1 
//
// Midnight
//	Amb					Amb_Obj 				Dir 					Sky top				Sky bot				SunCore			SunCorona			SunSz		SprSz	SprBght		Shdw			LightShd			PoleShd			FarClp			FogSt			LightOnGround			LowCloudsRGB			BottomCloudRGB			WaterRGBA			Alpha1    RGB1			Alpha2    RGB2			CloudAlpha			IntensityLimit			WaterFogAlpha			DirMult 
	0 0 0 			166 166 166 			255 255 255 			255 255 255 			5 5 5 			255 255 0 			5 0 0 			0.9		0.9		0.9			200 100 0			400.0		100.0		0.9			30 20 0			3 3 3			85 85 65 192			254 64 64 41			254 64 64 64			0	0	0	0.00		
// 5 AM
	0 0 0 			121 122 122 			255 255 255 			1 1 1 			5 5 5 			255 255 0 			5 0 0 			0.9		0.3		0.9			200 100 0			400.0		100.0		0.9			30 20 0			3 3 3			65 85 65 147			254 64 64 43			254 73 69 64			0	0	0	0.00		
// 6 AM
	0 0 0 			50 50 50 			255 255 255 			95 95 95 			101 101 101 			255 255 0 			5 0 0 			0.9		0.9		0.9			200 100 0			400.0		100.0		0.9			30 20 0			3 3 3			85 85 65 192			254 64 64 64			254 64 64 64			0	0	0	0.00		
// 7 AM
	0 0 0 			180 180 180 			255 255 255 			1 1 1 			5 5 5 			255 255 0 			5 0 0 			0.9		0.9		0.9			200 100 0			400.0		100.0		0.9			30 20 0			3 3 3			85 85 65 192			254 64 64 46			254 65 64 64			0	0	0	0.00		
// Midday
	8 2 4 			22 22 22 			255 255 255 			255 255 255 			5 5 5 			255 255 0 			5 0 0 			0.9		0.9		0.9			200 100 0			400.0		100.0		0.9			30 20 0			3 3 3			85 85 65 192			254 87 64 85			254 64 33 33			0	0	0	0.00		
// 7 PM
	7 9 2 			54 55 55 			255 255 255 			255 255 255 			5 5 5 			255 255 0 			5 0 0 			0.9		0.9		0.9			200 100 0			400.0		100.0		0.9			30 20 0			3 3 3			85 85 65 192			254 44 64 87			254 99 99 99			0	0	0	0.00		
// 8 PM
	0 0 0 			20 20 20 			255 255 255 			255 255 255 			5 5 5 			255 255 0 			5 0 0 			0.9		0.9		0.9			200 100 0			400.0		100.0		0.9			30 20 0			3 3 3			85 85 65 192			254 64 64 64			254 64 146 64			0	0	0	0.00		
// 10 PM
	0 0 0 			20 20 20 			255 255 255 			255 255 255 			5 5 5 			255 255 0 			5 0 0 			0.9		0.3		0.5			200 100 0			400.0		100.0		0.9			30 20 0			3 3 3			85 85 65 192			254 64 64 64			254 96 92 64			0	0	0	0.00		
//
///////////////////////////////////////////ДOП. ЦВEТA 2 
//
// Midnight
//	Amb					Amb_Obj 				Dir 					Sky top				Sky bot				SunCore			SunCorona			SunSz		SprSz	SprBght		Shdw			LightShd			PoleShd			FarClp			FogSt			LightOnGround			LowCloudsRGB			BottomCloudRGB			WaterRGBA			Alpha1    RGB1			Alpha2    RGB2			CloudAlpha			IntensityLimit			WaterFogAlpha			DirMult 
	0 0 0 			99 99 99 			255 255 255 			122 122 122 			124 124 124 			255 255 0 			5 0 0 			0.9		0.9		0.9			200 100 0			400.0		100.0		0.9			30 20 0			3 3 3			85 85 85 192			254 61 61 61			254 64 64 64			0	0	0	0.00		
// 5 AM
	30 30 30 			20 20 20 			255 255 255 			255 255 255 			5 5 5 			255 255 0 			5 0 0 			0.9		0.9		0.9			200 100 0			400.0		100.0		0.9			30 20 0			3 3 3			85 85 65 192			254 64 64 64			254 64 73 80			0	0	0	0.00		
// 6 AM
	0 0 0 			20 20 20 			255 255 255 			124 124 124 			123 123 123 			255 255 0 			36 41 48 			0.9		0.9		0.9			200 100 0			78.0		50.0		0.9			30 20 0			3 3 3			85 85 65 192			254 18 18 18			254 64 64 64			0	0	0	0.00		
// 7 AM
	0 0 0 			133 133 133 			255 255 255 			255 255 255 			0 0 0 			0 0 0 			5 0 0 			0.9		0.9		0.9			200 0 0			400.0		100.0		0.9			30 20 0			3 3 3			85 85 65 192			254 64 64 64			254 64 64 64			0	0	0	0.00		
// Midday
	0 0 0 			0 0 0 			255 255 255 			255 255 255 			0 0 0 			0 0 0 			5 0 0 			0.9		0.9		0.9			200 0 0			400.0		100.0		0.9			30 20 0			3 3 3			85 85 65 192			254 44 44 44			254 33 64 64			234	0	0	0.00		
// 7 PM
	0 0 0 			20 20 20 			255 255 255 			255 255 255 			5 5 5 			255 255 0 			5 0 0 			0.9		0.9		0.9			200 100 0			400.0		100.0		0.9			30 20 0			3 3 3			85 85 65 192			254 64 64 64			254 64 146 64			0	0	0	0.00		
// 8 PM
	0 0 0 			50 50 50 			255 255 255 			255 255 255 			5 5 5 			255 255 0 			5 0 0 			0.9		0.9		0.9			200 100 0			400.0		100.0		0.9			30 20 0			3 3 3			85 85 65 192			254 64 64 64			254 64 64 64			0	0	0	0.00		
// 10 PM
	0 0 0 			190 180 180 			255 255 255 			1 1 1 			5 5 5 			255 255 0 			5 0 0 			0.9		0.9		0.9			200 100 0			400.0		100.0		0.9			30 20 0			3 3 3			85 85 65 192			254 64 64 64			254 64 64 40			0	0	0	0.00		
